1.001 0.998941
1.002 0.997885
1.003 0.99683
1.004 0.995778
1.005 0.994729
1.006 0.993681
1.007 0.992636
1.008 0.991593
1.009 0.990553
1.01 0.989515
1.011 0.988479
1.012 0.987445
1.013 0.986413
1.014 0.985384
1.015 0.984357
1.016 0.983332
1.017 0.98231
1.018 0.981289
1.019 0.980271
1.02 0.979255
1.021 0.978241
1.022 0.97723
1.023 0.976221
1.024 0.975213
1.025 0.974209
1.026 0.973206
1.027 0.972205
1.028 0.971207
1.029 0.970211
1.03 0.969217
1.031 0.968225
1.032 0.967235
1.033 0.966247
1.034 0.965262
1.035 0.964279
1.036 0.963298
1.037 0.962319
1.038 0.961342
1.039 0.960367
1.04 0.959394
1.041 0.958424
1.042 0.957455
1.043 0.956489
1.044 0.955525
1.045 0.954563
1.046 0.953603
1.047 0.952645
1.048 0.951689
1.049 0.950735
1.05 0.949783
1.051 0.948834
1.052 0.947886
1.053 0.946941
1.054 0.945997
1.055 0.945056
1.056 0.944116
1.057 0.943179
1.058 0.942244
1.059 0.941311
1.06 0.94038
1.061 0.93945
1.062 0.938523
1.063 0.937598
1.064 0.936675
1.065 0.935754
1.066 0.934835
1.067 0.933918
1.068 0.933003
1.069 0.93209
1.07 0.931178
1.071 0.930269
1.072 0.929362
1.073 0.928457
1.074 0.927554
1.075 0.926653
1.076 0.925753
1.077 0.924856
1.078 0.923961
1.079 0.923067
1.08 0.922176
1.081 0.921286
1.082 0.920399
1.083 0.919513
1.084 0.918629
1.085 0.917748
1.086 0.916868
1.087 0.91599
1.088 0.915114
1.089 0.91424
1.09 0.913368
1.091 0.912497
1.092 0.911629
1.093 0.910763
1.094 0.909898
1.095 0.909035
1.096 0.908174
1.097 0.907315
1.098 0.906458
1.099 0.905603
1.1 0.90475
1.101 0.903899
1.102 0.903049
1.103 0.902201
1.104 0.901355
1.105 0.900511
1.106 0.899669
1.107 0.898829
1.108 0.89799
1.109 0.897154
1.11 0.896319
1.111 0.895486
1.112 0.894655
1.113 0.893825
1.114 0.892998
1.115 0.892172
1.116 0.891348
1.117 0.890526
1.118 0.889706
1.119 0.888887
1.12 0.888071
1.121 0.887256
1.122 0.886443
1.123 0.885631
1.124 0.884822
1.125 0.884014
1.126 0.883208
1.127 0.882404
1.128 0.881602
1.129 0.880801
1.13 0.880002
1.131 0.879205
1.132 0.878409
1.133 0.877616
1.134 0.876824
1.135 0.876034
1.136 0.875245
1.137 0.874459
1.138 0.873674
1.139 0.872891
1.14 0.872109
1.141 0.871329
1.142 0.870551
1.143 0.869775
1.144 0.869
1.145 0.868227
1.146 0.867456
1.147 0.866687
1.148 0.865919
1.149 0.865153
1.15 0.864389
1.151 0.863626
1.152 0.862865
1.153 0.862106
1.154 0.861348
1.155 0.860592
1.156 0.859838
1.157 0.859085
1.158 0.858334
1.159 0.857585
1.16 0.856837
1.161 0.856091
1.162 0.855347
1.163 0.854604
1.164 0.853863
1.165 0.853124
1.166 0.852386
1.167 0.85165
1.168 0.850916
1.169 0.850183
1.17 0.849452
1.171 0.848722
1.172 0.847995
1.173 0.847268
1.174 0.846544
1.175 0.845821
1.176 0.845099
1.177 0.844379
1.178 0.843661
1.179 0.842944
1.18 0.842229
1.181 0.841516
1.182 0.840804
1.183 0.840094
1.184 0.839385
1.185 0.838678
1.186 0.837973
1.187 0.837269
1.188 0.836567
1.189 0.835866
1.19 0.835167
1.191 0.834469
1.192 0.833773
1.193 0.833079
1.194 0.832386
1.195 0.831695
1.196 0.831005
1.197 0.830317
1.198 0.82963
1.199 0.828945
1.2 0.828261
1.201 0.827579
1.202 0.826899
1.203 0.82622
1.204 0.825542
1.205 0.824866
1.206 0.824192
1.207 0.823519
1.208 0.822848
1.209 0.822178
1.21 0.82151
1.211 0.820843
1.212 0.820178
1.213 0.819514
1.214 0.818852
1.215 0.818191
1.216 0.817532
1.217 0.816874
1.218 0.816217
1.219 0.815563
1.22 0.814909
1.221 0.814258
1.222 0.813607
1.223 0.812958
1.224 0.812311
1.225 0.811665
1.226 0.811021
1.227 0.810378
1.228 0.809736
1.229 0.809096
1.23 0.808458
1.231 0.807821
1.232 0.807185
1.233 0.806551
1.234 0.805918
1.235 0.805287
1.236 0.804657
1.237 0.804029
1.238 0.803402
1.239 0.802776
1.24 0.802152
1.241 0.80153
1.242 0.800909
1.243 0.800289
1.244 0.79967
1.245 0.799054
1.246 0.798438
1.247 0.797824
1.248 0.797211
1.249 0.7966
1.25 0.79599
1.251 0.795382
1.252 0.794775
1.253 0.794169
1.254 0.793565
1.255 0.792962
1.256 0.792361
1.257 0.791761
1.258 0.791162
1.259 0.790565
1.26 0.789969
1.261 0.789375
1.262 0.788782
1.263 0.78819
1.264 0.7876
1.265 0.787011
1.266 0.786424
1.267 0.785837
1.268 0.785253
1.269 0.784669
1.27 0.784087
1.271 0.783506
1.272 0.782927
1.273 0.782349
1.274 0.781773
1.275 0.781197
1.276 0.780623
1.277 0.780051
1.278 0.77948
1.279 0.77891
1.28 0.778341
1.281 0.777774
1.282 0.777208
1.283 0.776644
1.284 0.776081
1.285 0.775519
1.286 0.774958
1.287 0.774399
1.288 0.773841
1.289 0.773285
1.29 0.772729
1.291 0.772175
1.292 0.771623
1.293 0.771072
1.294 0.770522
1.295 0.769973
1.296 0.769426
1.297 0.76888
1.298 0.768335
1.299 0.767792
1.3 0.767249
1.301 0.766709
1.302 0.766169
1.303 0.765631
1.304 0.765094
1.305 0.764558
1.306 0.764024
1.307 0.763491
1.308 0.762959
1.309 0.762428
1.31 0.761899
1.311 0.761371
1.312 0.760844
1.313 0.760319
1.314 0.759795
1.315 0.759272
1.316 0.75875
1.317 0.75823
1.318 0.757711
1.319 0.757193
1.32 0.756676
1.321 0.756161
1.322 0.755647
1.323 0.755134
1.324 0.754623
1.325 0.754112
1.326 0.753603
1.327 0.753095
1.328 0.752589
1.329 0.752084
1.33 0.751579
1.331 0.751077
1.332 0.750575
1.333 0.750075
1.334 0.749575
1.335 0.749077
1.336 0.748581
1.337 0.748085
1.338 0.747591
1.339 0.747098
1.34 0.746606
1.341 0.746115
1.342 0.745626
1.343 0.745138
1.344 0.744651
1.345 0.744165
1.346 0.743681
1.347 0.743197
1.348 0.742715
1.349 0.742234
1.35 0.741754
1.351 0.741276
1.352 0.740798
1.353 0.740322
1.354 0.739847
1.355 0.739374
1.356 0.738901
1.357 0.73843
1.358 0.737959
1.359 0.73749
1.36 0.737022
1.361 0.736556
1.362 0.73609
1.363 0.735626
1.364 0.735163
1.365 0.734701
1.366 0.73424
1.367 0.73378
1.368 0.733322
1.369 0.732865
1.37 0.732409
1.371 0.731954
1.372 0.7315
1.373 0.731047
1.374 0.730596
1.375 0.730145
1.376 0.729696
1.377 0.729248
1.378 0.728801
1.379 0.728356
1.38 0.727911
1.381 0.727468
1.382 0.727025
1.383 0.726584
1.384 0.726144
1.385 0.725705
1.386 0.725268
1.387 0.724831
1.388 0.724395
1.389 0.723961
1.39 0.723528
1.391 0.723096
1.392 0.722665
1.393 0.722235
1.394 0.721806
1.395 0.721379
1.396 0.720952
1.397 0.720527
1.398 0.720103
1.399 0.71968
1.4 0.719258
1.401 0.718837
1.402 0.718417
1.403 0.717998
1.404 0.717581
1.405 0.717164
1.406 0.716749
1.407 0.716335
1.408 0.715922
1.409 0.71551
1.41 0.715099
1.411 0.714689
1.412 0.71428
1.413 0.713872
1.414 0.713466
1.415 0.71306
1.416 0.712656
1.417 0.712253
1.418 0.71185
1.419 0.711449
1.42 0.711049
1.421 0.71065
1.422 0.710252
1.423 0.709856
1.424 0.70946
1.425 0.709065
1.426 0.708671
1.427 0.708279
1.428 0.707888
1.429 0.707497
1.43 0.707108
1.431 0.70672
1.432 0.706332
1.433 0.705946
1.434 0.705561
1.435 0.705177
1.436 0.704794
1.437 0.704412
1.438 0.704031
1.439 0.703652
1.44 0.703273
1.441 0.702895
1.442 0.702519
1.443 0.702143
1.444 0.701769
1.445 0.701395
1.446 0.701023
1.447 0.700651
1.448 0.700281
1.449 0.699911
1.45 0.699543
1.451 0.699176
1.452 0.69881
1.453 0.698445
1.454 0.69808
1.455 0.697717
1.456 0.697355
1.457 0.696994
1.458 0.696634
1.459 0.696275
1.46 0.695917
1.461 0.69556
1.462 0.695204
1.463 0.694849
1.464 0.694495
1.465 0.694142
1.466 0.69379
1.467 0.69344
1.468 0.69309
1.469 0.692741
1.47 0.692393
1.471 0.692046
1.472 0.6917
1.473 0.691356
1.474 0.691012
1.475 0.690669
1.476 0.690327
1.477 0.689986
1.478 0.689647
1.479 0.689308
1.48 0.68897
1.481 0.688633
1.482 0.688297
1.483 0.687963
1.484 0.687629
1.485 0.687296
1.486 0.686964
1.487 0.686633
1.488 0.686303
1.489 0.685974
1.49 0.685647
1.491 0.68532
1.492 0.684994
1.493 0.684669
1.494 0.684345
1.495 0.684022
1.496 0.6837
1.497 0.683379
1.498 0.683059
1.499 0.682739
1.5 0.682421
1.501 0.682104
1.502 0.681788
1.503 0.681473
1.504 0.681158
1.505 0.680845
1.506 0.680533
1.507 0.680221
1.508 0.679911
1.509 0.679602
1.51 0.679293
1.511 0.678986
1.512 0.678679
1.513 0.678373
1.514 0.678069
1.515 0.677765
1.516 0.677462
1.517 0.67716
1.518 0.676859
1.519 0.67656
1.52 0.676261
1.521 0.675963
1.522 0.675665
1.523 0.675369
1.524 0.675074
1.525 0.67478
1.526 0.674487
1.527 0.674194
1.528 0.673903
1.529 0.673612
1.53 0.673323
1.531 0.673034
1.532 0.672746
1.533 0.67246
1.534 0.672174
1.535 0.671889
1.536 0.671605
1.537 0.671322
1.538 0.67104
1.539 0.670759
1.54 0.670478
1.541 0.670199
1.542 0.66992
1.543 0.669643
1.544 0.669366
1.545 0.669091
1.546 0.668816
1.547 0.668542
1.548 0.668269
1.549 0.667997
1.55 0.667726
1.551 0.667456
1.552 0.667187
1.553 0.666918
1.554 0.666651
1.555 0.666384
1.556 0.666119
1.557 0.665854
1.558 0.66559
1.559 0.665327
1.56 0.665065
1.561 0.664804
1.562 0.664544
1.563 0.664284
1.564 0.664026
1.565 0.663768
1.566 0.663512
1.567 0.663256
1.568 0.663001
1.569 0.662747
1.57 0.662494
1.571 0.662242
1.572 0.661991
1.573 0.66174
1.574 0.661491
1.575 0.661242
1.576 0.660994
1.577 0.660748
1.578 0.660502
1.579 0.660256
1.58 0.660012
1.581 0.659769
1.582 0.659526
1.583 0.659285
1.584 0.659044
1.585 0.658804
1.586 0.658565
1.587 0.658327
1.588 0.65809
1.589 0.657854
1.59 0.657618
1.591 0.657384
1.592 0.65715
1.593 0.656917
1.594 0.656685
1.595 0.656454
1.596 0.656224
1.597 0.655995
1.598 0.655766
1.599 0.655538
1.6 0.655312
1.601 0.655086
1.602 0.654861
1.603 0.654636
1.604 0.654413
1.605 0.654191
1.606 0.653969
1.607 0.653748
1.608 0.653528
1.609 0.653309
1.61 0.653091
1.611 0.652874
1.612 0.652657
1.613 0.652441
1.614 0.652227
1.615 0.652013
1.616 0.651799
1.617 0.651587
1.618 0.651376
1.619 0.651165
1.62 0.650955
1.621 0.650747
1.622 0.650538
1.623 0.650331
1.624 0.650125
1.625 0.649919
1.626 0.649715
1.627 0.649511
1.628 0.649308
1.629 0.649105
1.63 0.648904
1.631 0.648704
1.632 0.648504
1.633 0.648305
1.634 0.648107
1.635 0.64791
1.636 0.647713
1.637 0.647518
1.638 0.647323
1.639 0.647129
1.64 0.646936
1.641 0.646744
1.642 0.646552
1.643 0.646362
1.644 0.646172
1.645 0.645983
1.646 0.645795
1.647 0.645608
1.648 0.645421
1.649 0.645235
1.65 0.64505
1.651 0.644866
1.652 0.644683
1.653 0.644501
1.654 0.644319
1.655 0.644138
1.656 0.643958
1.657 0.643779
1.658 0.643601
1.659 0.643423
1.66 0.643247
1.661 0.643071
1.662 0.642895
1.663 0.642721
1.664 0.642548
1.665 0.642375
1.666 0.642203
1.667 0.642032
1.668 0.641862
1.669 0.641692
1.67 0.641523
1.671 0.641355
1.672 0.641188
1.673 0.641022
1.674 0.640856
1.675 0.640692
1.676 0.640528
1.677 0.640365
1.678 0.640202
1.679 0.640041
1.68 0.63988
1.681 0.63972
1.682 0.639561
1.683 0.639403
1.684 0.639245
1.685 0.639088
1.686 0.638932
1.687 0.638777
1.688 0.638623
1.689 0.638469
1.69 0.638316
1.691 0.638164
1.692 0.638013
1.693 0.637862
1.694 0.637713
1.695 0.637564
1.696 0.637415
1.697 0.637268
1.698 0.637121
1.699 0.636976
1.7 0.636831
1.701 0.636686
1.702 0.636543
1.703 0.6364
1.704 0.636258
1.705 0.636117
1.706 0.635977
1.707 0.635837
1.708 0.635698
1.709 0.63556
1.71 0.635423
1.711 0.635286
1.712 0.63515
1.713 0.635015
1.714 0.634881
1.715 0.634748
1.716 0.634615
1.717 0.634483
1.718 0.634352
1.719 0.634221
1.72 0.634092
1.721 0.633963
1.722 0.633835
1.723 0.633707
1.724 0.633581
1.725 0.633455
1.726 0.63333
1.727 0.633206
1.728 0.633082
1.729 0.632959
1.73 0.632837
1.731 0.632716
1.732 0.632595
1.733 0.632476
1.734 0.632357
1.735 0.632238
1.736 0.632121
1.737 0.632004
1.738 0.631888
1.739 0.631773
1.74 0.631658
1.741 0.631544
1.742 0.631431
1.743 0.631319
1.744 0.631208
1.745 0.631097
1.746 0.630987
1.747 0.630878
1.748 0.630769
1.749 0.630661
1.75 0.630554
1.751 0.630448
1.752 0.630342
1.753 0.630237
1.754 0.630133
1.755 0.63003
1.756 0.629927
1.757 0.629826
1.758 0.629724
1.759 0.629624
1.76 0.629524
1.761 0.629425
1.762 0.629327
1.763 0.62923
1.764 0.629133
1.765 0.629037
1.766 0.628942
1.767 0.628847
1.768 0.628754
1.769 0.628661
1.77 0.628568
1.771 0.628477
1.772 0.628386
1.773 0.628296
1.774 0.628206
1.775 0.628118
1.776 0.62803
1.777 0.627943
1.778 0.627856
1.779 0.62777
1.78 0.627685
1.781 0.627601
1.782 0.627517
1.783 0.627435
1.784 0.627352
1.785 0.627271
1.786 0.62719
1.787 0.62711
1.788 0.627031
1.789 0.626953
1.79 0.626875
1.791 0.626798
1.792 0.626721
1.793 0.626646
1.794 0.626571
1.795 0.626496
1.796 0.626423
1.797 0.62635
1.798 0.626278
1.799 0.626207
1.8 0.626136
1.801 0.626066
1.802 0.625997
1.803 0.625928
1.804 0.625861
1.805 0.625794
1.806 0.625727
1.807 0.625662
1.808 0.625597
1.809 0.625532
1.81 0.625469
1.811 0.625406
1.812 0.625344
1.813 0.625283
1.814 0.625222
1.815 0.625162
1.816 0.625103
1.817 0.625044
1.818 0.624986
1.819 0.624929
1.82 0.624872
1.821 0.624817
1.822 0.624762
1.823 0.624707
1.824 0.624654
1.825 0.624601
1.826 0.624548
1.827 0.624497
1.828 0.624446
1.829 0.624396
1.83 0.624346
1.831 0.624297
1.832 0.624249
1.833 0.624202
1.834 0.624155
1.835 0.624109
1.836 0.624064
1.837 0.624019
1.838 0.623976
1.839 0.623932
1.84 0.62389
1.841 0.623848
1.842 0.623807
1.843 0.623766
1.844 0.623727
1.845 0.623688
1.846 0.623649
1.847 0.623612
1.848 0.623575
1.849 0.623538
1.85 0.623503
1.851 0.623468
1.852 0.623434
1.853 0.6234
1.854 0.623367
1.855 0.623335
1.856 0.623303
1.857 0.623273
1.858 0.623243
1.859 0.623213
1.86 0.623184
1.861 0.623156
1.862 0.623129
1.863 0.623102
1.864 0.623076
1.865 0.623051
1.866 0.623026
1.867 0.623002
1.868 0.622979
1.869 0.622956
1.87 0.622934
1.871 0.622913
1.872 0.622893
1.873 0.622873
1.874 0.622853
1.875 0.622835
1.876 0.622817
1.877 0.6228
1.878 0.622783
1.879 0.622768
1.88 0.622752
1.881 0.622738
1.882 0.622724
1.883 0.622711
1.884 0.622698
1.885 0.622687
1.886 0.622676
1.887 0.622665
1.888 0.622655
1.889 0.622646
1.89 0.622638
1.891 0.62263
1.892 0.622623
1.893 0.622616
1.894 0.622611
1.895 0.622606
1.896 0.622601
1.897 0.622597
1.898 0.622594
1.899 0.622592
1.9 0.62259
1.901 0.622589
1.902 0.622589
1.903 0.622589
1.904 0.62259
1.905 0.622591
1.906 0.622594
1.907 0.622597
1.908 0.6226
1.909 0.622604
1.91 0.622609
1.911 0.622615
1.912 0.622621
1.913 0.622628
1.914 0.622636
1.915 0.622644
1.916 0.622653
1.917 0.622662
1.918 0.622672
1.919 0.622683
1.92 0.622695
1.921 0.622707
1.922 0.62272
1.923 0.622733
1.924 0.622747
1.925 0.622762
1.926 0.622778
1.927 0.622794
1.928 0.62281
1.929 0.622828
1.93 0.622846
1.931 0.622865
1.932 0.622884
1.933 0.622904
1.934 0.622925
1.935 0.622946
1.936 0.622968
1.937 0.622991
1.938 0.623014
1.939 0.623038
1.94 0.623063
1.941 0.623088
1.942 0.623114
1.943 0.62314
1.944 0.623168
1.945 0.623196
1.946 0.623224
1.947 0.623253
1.948 0.623283
1.949 0.623314
1.95 0.623345
1.951 0.623376
1.952 0.623409
1.953 0.623442
1.954 0.623476
1.955 0.62351
1.956 0.623545
1.957 0.623581
1.958 0.623617
1.959 0.623654
1.96 0.623691
1.961 0.62373
1.962 0.623768
1.963 0.623808
1.964 0.623848
1.965 0.623889
1.966 0.62393
1.967 0.623972
1.968 0.624015
1.969 0.624059
1.97 0.624103
1.971 0.624147
1.972 0.624193
1.973 0.624239
1.974 0.624285
1.975 0.624332
1.976 0.62438
1.977 0.624429
1.978 0.624478
1.979 0.624528
1.98 0.624578
1.981 0.624629
1.982 0.624681
1.983 0.624733
1.984 0.624786
1.985 0.62484
1.986 0.624894
1.987 0.624949
1.988 0.625004
1.989 0.625061
1.99 0.625117
1.991 0.625175
1.992 0.625233
1.993 0.625292
1.994 0.625351
1.995 0.625411
1.996 0.625471
1.997 0.625533
1.998 0.625595
1.999 0.625657
2 0.62572
2.001 0.625784
2.002 0.625848
2.003 0.625913
2.004 0.625979
2.005 0.626045
2.006 0.626112
2.007 0.62618
2.008 0.626248
2.009 0.626317
2.01 0.626386
2.011 0.626457
2.012 0.626527
2.013 0.626599
2.014 0.626671
2.015 0.626743
2.016 0.626816
2.017 0.62689
2.018 0.626965
2.019 0.62704
2.02 0.627116
2.021 0.627192
2.022 0.627269
2.023 0.627347
2.024 0.627425
2.025 0.627504
2.026 0.627583
2.027 0.627664
2.028 0.627744
2.029 0.627826
2.03 0.627908
2.031 0.62799
2.032 0.628074
2.033 0.628158
2.034 0.628242
2.035 0.628327
2.036 0.628413
2.037 0.628499
2.038 0.628586
2.039 0.628674
2.04 0.628762
2.041 0.628851
2.042 0.628941
2.043 0.629031
2.044 0.629122
2.045 0.629213
2.046 0.629305
2.047 0.629398
2.048 0.629491
2.049 0.629585
2.05 0.629679
2.051 0.629774
2.052 0.62987
2.053 0.629966
2.054 0.630063
2.055 0.630161
2.056 0.630259
2.057 0.630358
2.058 0.630457
2.059 0.630557
2.06 0.630658
2.061 0.630759
2.062 0.630861
2.063 0.630964
2.064 0.631067
2.065 0.631171
2.066 0.631275
2.067 0.63138
2.068 0.631486
2.069 0.631592
2.07 0.631699
2.071 0.631807
2.072 0.631915
2.073 0.632023
2.074 0.632133
2.075 0.632243
2.076 0.632353
2.077 0.632464
2.078 0.632576
2.079 0.632689
2.08 0.632802
2.081 0.632915
2.082 0.633029
2.083 0.633144
2.084 0.63326
2.085 0.633376
2.086 0.633493
2.087 0.63361
2.088 0.633728
2.089 0.633846
2.09 0.633966
2.091 0.634085
2.092 0.634206
2.093 0.634327
2.094 0.634448
2.095 0.634571
2.096 0.634694
2.097 0.634817
2.098 0.634941
2.099 0.635066
2.1 0.635191
2.101 0.635317
2.102 0.635443
2.103 0.635571
2.104 0.635698
2.105 0.635827
2.106 0.635956
2.107 0.636085
2.108 0.636215
2.109 0.636346
2.11 0.636477
2.111 0.636609
2.112 0.636742
2.113 0.636875
2.114 0.637009
2.115 0.637144
2.116 0.637279
2.117 0.637414
2.118 0.637551
2.119 0.637687
2.12 0.637825
2.121 0.637963
2.122 0.638102
2.123 0.638241
2.124 0.638381
2.125 0.638522
2.126 0.638663
2.127 0.638804
2.128 0.638947
2.129 0.63909
2.13 0.639233
2.131 0.639377
2.132 0.639522
2.133 0.639668
2.134 0.639814
2.135 0.63996
2.136 0.640107
2.137 0.640255
2.138 0.640404
2.139 0.640553
2.14 0.640702
2.141 0.640853
2.142 0.641003
2.143 0.641155
2.144 0.641307
2.145 0.64146
2.146 0.641613
2.147 0.641767
2.148 0.641921
2.149 0.642076
2.15 0.642232
2.151 0.642388
2.152 0.642545
2.153 0.642703
2.154 0.642861
2.155 0.643019
2.156 0.643179
2.157 0.643339
2.158 0.643499
2.159 0.64366
2.16 0.643822
2.161 0.643984
2.162 0.644147
2.163 0.644311
2.164 0.644475
2.165 0.64464
2.166 0.644805
2.167 0.644971
2.168 0.645137
2.169 0.645304
2.17 0.645472
2.171 0.645641
2.172 0.64581
2.173 0.645979
2.174 0.646149
2.175 0.64632
2.176 0.646491
2.177 0.646663
2.178 0.646836
2.179 0.647009
2.18 0.647183
2.181 0.647357
2.182 0.647532
2.183 0.647708
2.184 0.647884
2.185 0.648061
2.186 0.648238
2.187 0.648416
2.188 0.648595
2.189 0.648774
2.19 0.648954
2.191 0.649134
2.192 0.649315
2.193 0.649496
2.194 0.649679
2.195 0.649861
2.196 0.650045
2.197 0.650229
2.198 0.650413
2.199 0.650599
2.2 0.650784
2.201 0.650971
2.202 0.651158
2.203 0.651345
2.204 0.651533
2.205 0.651722
2.206 0.651912
2.207 0.652102
2.208 0.652292
2.209 0.652483
2.21 0.652675
2.211 0.652867
2.212 0.65306
2.213 0.653254
2.214 0.653448
2.215 0.653643
2.216 0.653838
2.217 0.654034
2.218 0.654231
2.219 0.654428
2.22 0.654626
2.221 0.654824
2.222 0.655023
2.223 0.655223
2.224 0.655423
2.225 0.655624
2.226 0.655825
2.227 0.656027
2.228 0.656229
2.229 0.656433
2.23 0.656636
2.231 0.656841
2.232 0.657046
2.233 0.657251
2.234 0.657457
2.235 0.657664
2.236 0.657871
2.237 0.658079
2.238 0.658288
2.239 0.658497
2.24 0.658707
2.241 0.658917
2.242 0.659128
2.243 0.65934
2.244 0.659552
2.245 0.659764
2.246 0.659978
2.247 0.660192
2.248 0.660406
2.249 0.660621
2.25 0.660837
2.251 0.661053
2.252 0.66127
2.253 0.661488
2.254 0.661706
2.255 0.661924
2.256 0.662144
2.257 0.662364
2.258 0.662584
2.259 0.662805
2.26 0.663027
2.261 0.663249
2.262 0.663472
2.263 0.663695
2.264 0.663919
2.265 0.664144
2.266 0.664369
2.267 0.664595
2.268 0.664822
2.269 0.665049
2.27 0.665276
2.271 0.665505
2.272 0.665734
2.273 0.665963
2.274 0.666193
2.275 0.666424
2.276 0.666655
2.277 0.666887
2.278 0.667119
2.279 0.667352
2.28 0.667586
2.281 0.66782
2.282 0.668055
2.283 0.66829
2.284 0.668526
2.285 0.668763
2.286 0.669
2.287 0.669238
2.288 0.669476
2.289 0.669715
2.29 0.669955
2.291 0.670195
2.292 0.670436
2.293 0.670677
2.294 0.670919
2.295 0.671162
2.296 0.671405
2.297 0.671649
2.298 0.671893
2.299 0.672138
2.3 0.672384
2.301 0.67263
2.302 0.672877
2.303 0.673124
2.304 0.673372
2.305 0.67362
2.306 0.67387
2.307 0.674119
2.308 0.67437
2.309 0.674621
2.31 0.674872
2.311 0.675124
2.312 0.675377
2.313 0.67563
2.314 0.675884
2.315 0.676139
2.316 0.676394
2.317 0.67665
2.318 0.676906
2.319 0.677163
2.32 0.67742
2.321 0.677679
2.322 0.677937
2.323 0.678197
2.324 0.678457
2.325 0.678717
2.326 0.678978
2.327 0.67924
2.328 0.679502
2.329 0.679765
2.33 0.680029
2.331 0.680293
2.332 0.680557
2.333 0.680823
2.334 0.681089
2.335 0.681355
2.336 0.681622
2.337 0.68189
2.338 0.682158
2.339 0.682427
2.34 0.682696
2.341 0.682966
2.342 0.683237
2.343 0.683508
2.344 0.68378
2.345 0.684053
2.346 0.684326
2.347 0.6846
2.348 0.684874
2.349 0.685149
2.35 0.685424
2.351 0.6857
2.352 0.685977
2.353 0.686254
2.354 0.686532
2.355 0.68681
2.356 0.68709
2.357 0.687369
2.358 0.687649
2.359 0.68793
2.36 0.688212
2.361 0.688494
2.362 0.688777
2.363 0.68906
2.364 0.689344
2.365 0.689628
2.366 0.689913
2.367 0.690199
2.368 0.690485
2.369 0.690772
2.37 0.691059
2.371 0.691347
2.372 0.691636
2.373 0.691925
2.374 0.692215
2.375 0.692506
2.376 0.692797
2.377 0.693088
2.378 0.693381
2.379 0.693674
2.38 0.693967
2.381 0.694261
2.382 0.694556
2.383 0.694851
2.384 0.695147
2.385 0.695443
2.386 0.695741
2.387 0.696038
2.388 0.696337
2.389 0.696635
2.39 0.696935
2.391 0.697235
2.392 0.697536
2.393 0.697837
2.394 0.698139
2.395 0.698441
2.396 0.698744
2.397 0.699048
2.398 0.699352
2.399 0.699657
2.4 0.699963
2.401 0.700269
2.402 0.700576
2.403 0.700883
2.404 0.701191
2.405 0.7015
2.406 0.701809
2.407 0.702118
2.408 0.702429
2.409 0.70274
2.41 0.703051
2.411 0.703363
2.412 0.703676
2.413 0.703989
2.414 0.704303
2.415 0.704618
2.416 0.704933
2.417 0.705249
2.418 0.705565
2.419 0.705882
2.42 0.7062
2.421 0.706518
2.422 0.706837
2.423 0.707156
2.424 0.707476
2.425 0.707797
2.426 0.708118
2.427 0.70844
2.428 0.708762
2.429 0.709085
2.43 0.709409
2.431 0.709733
2.432 0.710058
2.433 0.710384
2.434 0.71071
2.435 0.711036
2.436 0.711364
2.437 0.711692
2.438 0.71202
2.439 0.712349
2.44 0.712679
2.441 0.713009
2.442 0.71334
2.443 0.713672
2.444 0.714004
2.445 0.714337
2.446 0.71467
2.447 0.715004
2.448 0.715339
2.449 0.715674
2.45 0.716009
2.451 0.716346
2.452 0.716683
2.453 0.717021
2.454 0.717359
2.455 0.717698
2.456 0.718037
2.457 0.718377
2.458 0.718718
2.459 0.719059
2.46 0.719401
2.461 0.719743
2.462 0.720087
2.463 0.72043
2.464 0.720775
2.465 0.72112
2.466 0.721465
2.467 0.721811
2.468 0.722158
2.469 0.722505
2.47 0.722853
2.471 0.723202
2.472 0.723551
2.473 0.723901
2.474 0.724251
2.475 0.724603
2.476 0.724954
2.477 0.725306
2.478 0.725659
2.479 0.726013
2.48 0.726367
2.481 0.726722
2.482 0.727077
2.483 0.727433
2.484 0.72779
2.485 0.728147
2.486 0.728505
2.487 0.728863
2.488 0.729222
2.489 0.729582
2.49 0.729942
2.491 0.730303
2.492 0.730664
2.493 0.731026
2.494 0.731389
2.495 0.731752
2.496 0.732116
2.497 0.732481
2.498 0.732846
2.499 0.733212
2.5 0.733578
2.501 0.733945
2.502 0.734313
2.503 0.734681
2.504 0.73505
2.505 0.73542
2.506 0.73579
2.507 0.73616
2.508 0.736532
2.509 0.736904
2.51 0.737276
2.511 0.737649
2.512 0.738023
2.513 0.738398
2.514 0.738773
2.515 0.739148
2.516 0.739525
2.517 0.739902
2.518 0.740279
2.519 0.740657
2.52 0.741036
2.521 0.741415
2.522 0.741795
2.523 0.742176
2.524 0.742557
2.525 0.742939
2.526 0.743322
2.527 0.743705
2.528 0.744089
2.529 0.744473
2.53 0.744858
2.531 0.745243
2.532 0.74563
2.533 0.746016
2.534 0.746404
2.535 0.746792
2.536 0.747181
2.537 0.74757
2.538 0.74796
2.539 0.748351
2.54 0.748742
2.541 0.749134
2.542 0.749526
2.543 0.749919
2.544 0.750313
2.545 0.750707
2.546 0.751102
2.547 0.751498
2.548 0.751894
2.549 0.752291
2.55 0.752688
2.551 0.753086
2.552 0.753485
2.553 0.753884
2.554 0.754284
2.555 0.754685
2.556 0.755086
2.557 0.755488
2.558 0.75589
2.559 0.756293
2.56 0.756697
2.561 0.757101
2.562 0.757506
2.563 0.757912
2.564 0.758318
2.565 0.758725
2.566 0.759132
2.567 0.759541
2.568 0.759949
2.569 0.760359
2.57 0.760769
2.571 0.761179
2.572 0.761591
2.573 0.762002
2.574 0.762415
2.575 0.762828
2.576 0.763242
2.577 0.763656
2.578 0.764071
2.579 0.764487
2.58 0.764903
2.581 0.76532
2.582 0.765738
2.583 0.766156
2.584 0.766575
2.585 0.766994
2.586 0.767415
2.587 0.767835
2.588 0.768257
2.589 0.768679
2.59 0.769101
2.591 0.769525
2.592 0.769948
2.593 0.770373
2.594 0.770798
2.595 0.771224
2.596 0.77165
2.597 0.772078
2.598 0.772505
2.599 0.772934
2.6 0.773363
2.601 0.773792
2.602 0.774223
2.603 0.774653
2.604 0.775085
2.605 0.775517
2.606 0.77595
2.607 0.776383
2.608 0.776818
2.609 0.777252
2.61 0.777688
2.611 0.778124
2.612 0.77856
2.613 0.778998
2.614 0.779436
2.615 0.779874
2.616 0.780313
2.617 0.780753
2.618 0.781194
2.619 0.781635
2.62 0.782077
2.621 0.782519
2.622 0.782962
2.623 0.783406
2.624 0.78385
2.625 0.784295
2.626 0.784741
2.627 0.785187
2.628 0.785634
2.629 0.786082
2.63 0.78653
2.631 0.786979
2.632 0.787428
2.633 0.787878
2.634 0.788329
2.635 0.788781
2.636 0.789233
2.637 0.789685
2.638 0.790139
2.639 0.790593
2.64 0.791047
2.641 0.791503
2.642 0.791959
2.643 0.792415
2.644 0.792873
2.645 0.793331
2.646 0.793789
2.647 0.794248
2.648 0.794708
2.649 0.795169
2.65 0.79563
2.651 0.796092
2.652 0.796554
2.653 0.797017
2.654 0.797481
2.655 0.797945
2.656 0.79841
2.657 0.798876
2.658 0.799342
2.659 0.799809
2.66 0.800277
2.661 0.800745
2.662 0.801214
2.663 0.801684
2.664 0.802154
2.665 0.802625
2.666 0.803097
2.667 0.803569
2.668 0.804042
2.669 0.804516
2.67 0.80499
2.671 0.805465
2.672 0.80594
2.673 0.806416
2.674 0.806893
2.675 0.807371
2.676 0.807849
2.677 0.808328
2.678 0.808807
2.679 0.809287
2.68 0.809768
2.681 0.810249
2.682 0.810731
2.683 0.811214
2.684 0.811698
2.685 0.812182
2.686 0.812666
2.687 0.813152
2.688 0.813638
2.689 0.814125
2.69 0.814612
2.691 0.8151
2.692 0.815589
2.693 0.816078
2.694 0.816568
2.695 0.817059
2.696 0.81755
2.697 0.818042
2.698 0.818535
2.699 0.819028
2.7 0.819522
2.701 0.820017
2.702 0.820512
2.703 0.821008
2.704 0.821505
2.705 0.822002
2.706 0.8225
2.707 0.822999
2.708 0.823498
2.709 0.823998
2.71 0.824499
2.711 0.825
2.712 0.825502
2.713 0.826005
2.714 0.826508
2.715 0.827012
2.716 0.827517
2.717 0.828022
2.718 0.828528
2.719 0.829035
2.72 0.829542
2.721 0.83005
2.722 0.830559
2.723 0.831068
2.724 0.831578
2.725 0.832089
2.726 0.8326
2.727 0.833112
2.728 0.833625
2.729 0.834139
2.73 0.834653
2.731 0.835167
2.732 0.835683
2.733 0.836199
2.734 0.836716
2.735 0.837233
2.736 0.837751
2.737 0.83827
2.738 0.83879
2.739 0.83931
2.74 0.839831
2.741 0.840352
2.742 0.840874
2.743 0.841397
2.744 0.841921
2.745 0.842445
2.746 0.84297
2.747 0.843495
2.748 0.844022
2.749 0.844549
2.75 0.845076
2.751 0.845605
2.752 0.846134
2.753 0.846663
2.754 0.847194
2.755 0.847725
2.756 0.848256
2.757 0.848789
2.758 0.849322
2.759 0.849856
2.76 0.85039
2.761 0.850925
2.762 0.851461
2.763 0.851998
2.764 0.852535
2.765 0.853073
2.766 0.853611
2.767 0.854151
2.768 0.85469
2.769 0.855231
2.77 0.855772
2.771 0.856314
2.772 0.856857
2.773 0.857401
2.774 0.857945
2.775 0.858489
2.776 0.859035
2.777 0.859581
2.778 0.860128
2.779 0.860675
2.78 0.861224
2.781 0.861772
2.782 0.862322
2.783 0.862872
2.784 0.863423
2.785 0.863975
2.786 0.864527
2.787 0.86508
2.788 0.865634
2.789 0.866189
2.79 0.866744
2.791 0.8673
2.792 0.867856
2.793 0.868413
2.794 0.868971
2.795 0.86953
2.796 0.870089
2.797 0.870649
2.798 0.87121
2.799 0.871772
2.8 0.872334
2.801 0.872896
2.802 0.87346
2.803 0.874024
2.804 0.874589
2.805 0.875155
2.806 0.875721
2.807 0.876288
2.808 0.876856
2.809 0.877424
2.81 0.877993
2.811 0.878563
2.812 0.879134
2.813 0.879705
2.814 0.880277
2.815 0.88085
2.816 0.881423
2.817 0.881997
2.818 0.882572
2.819 0.883147
2.82 0.883724
2.821 0.8843
2.822 0.884878
2.823 0.885456
2.824 0.886035
2.825 0.886615
2.826 0.887196
2.827 0.887777
2.828 0.888359
2.829 0.888941
2.83 0.889524
2.831 0.890108
2.832 0.890693
2.833 0.891278
2.834 0.891865
2.835 0.892451
2.836 0.893039
2.837 0.893627
2.838 0.894216
2.839 0.894806
2.84 0.895396
2.841 0.895987
2.842 0.896579
2.843 0.897172
2.844 0.897765
2.845 0.898359
2.846 0.898954
2.847 0.899549
2.848 0.900145
2.849 0.900742
2.85 0.90134
2.851 0.901938
2.852 0.902537
2.853 0.903137
2.854 0.903737
2.855 0.904338
2.856 0.90494
2.857 0.905543
2.858 0.906146
2.859 0.90675
2.86 0.907355
2.861 0.907961
2.862 0.908567
2.863 0.909174
2.864 0.909782
2.865 0.91039
2.866 0.910999
2.867 0.911609
2.868 0.91222
2.869 0.912831
2.87 0.913443
2.871 0.914056
2.872 0.914669
2.873 0.915283
2.874 0.915898
2.875 0.916514
2.876 0.917131
2.877 0.917748
2.878 0.918366
2.879 0.918984
2.88 0.919604
2.881 0.920224
2.882 0.920844
2.883 0.921466
2.884 0.922088
2.885 0.922711
2.886 0.923335
2.887 0.923959
2.888 0.924585
2.889 0.925211
2.89 0.925837
2.891 0.926465
2.892 0.927093
2.893 0.927722
2.894 0.928351
2.895 0.928982
2.896 0.929613
2.897 0.930245
2.898 0.930877
2.899 0.931511
2.9 0.932145
2.901 0.93278
2.902 0.933415
2.903 0.934051
2.904 0.934688
2.905 0.935326
2.906 0.935965
2.907 0.936604
2.908 0.937244
2.909 0.937885
2.91 0.938526
2.911 0.939169
2.912 0.939812
2.913 0.940455
2.914 0.9411
2.915 0.941745
2.916 0.942391
2.917 0.943038
2.918 0.943685
2.919 0.944333
2.92 0.944982
2.921 0.945632
2.922 0.946283
2.923 0.946934
2.924 0.947586
2.925 0.948239
2.926 0.948892
2.927 0.949546
2.928 0.950201
2.929 0.950857
2.93 0.951514
2.931 0.952171
2.932 0.952829
2.933 0.953488
2.934 0.954147
2.935 0.954808
2.936 0.955469
2.937 0.95613
2.938 0.956793
2.939 0.957456
2.94 0.95812
2.941 0.958785
2.942 0.959451
2.943 0.960117
2.944 0.960784
2.945 0.961452
2.946 0.962121
2.947 0.96279
2.948 0.96346
2.949 0.964131
2.95 0.964803
2.951 0.965476
2.952 0.966149
2.953 0.966823
2.954 0.967498
2.955 0.968173
2.956 0.968849
2.957 0.969526
2.958 0.970204
2.959 0.970883
2.96 0.971562
2.961 0.972242
2.962 0.972923
2.963 0.973605
2.964 0.974287
2.965 0.974971
2.966 0.975655
2.967 0.976339
2.968 0.977025
2.969 0.977711
2.97 0.978398
2.971 0.979086
2.972 0.979775
2.973 0.980464
2.974 0.981155
2.975 0.981846
2.976 0.982537
2.977 0.98323
2.978 0.983923
2.979 0.984617
2.98 0.985312
2.981 0.986008
2.982 0.986704
2.983 0.987401
2.984 0.988099
2.985 0.988798
2.986 0.989498
2.987 0.990198
2.988 0.990899
2.989 0.991601
2.99 0.992304
2.991 0.993007
2.992 0.993711
2.993 0.994416
2.994 0.995122
2.995 0.995829
2.996 0.996536
2.997 0.997244
2.998 0.997953
2.999 0.998663
3 0.999374
3.001 1.00009
