0     0
0.01     0.00985868
0.02     0.0197264
0.03     0.0296019
0.04     0.0394837
0.05     0.0493704
0.06     0.0592607
0.07     0.0691533
0.08     0.0790468
0.09     0.0889398
0.1     0.0988312
0.11     0.108719
0.12     0.118603
0.13     0.128482
0.14     0.138353
0.15     0.148216
0.16     0.158069
0.17     0.167912
0.18     0.177743
0.19     0.187561
0.2     0.197364
0.21     0.207151
0.22     0.216922
0.23     0.226674
0.24     0.236407
0.25     0.24612
0.26     0.25581
0.27     0.265478
0.28     0.275122
0.29     0.284741
0.3     0.294333
0.31     0.303898
0.32     0.313435
0.33     0.322941
0.34     0.332417
0.35     0.341861
0.36     0.351272
0.37     0.360649
0.38     0.369991
0.39     0.379296
0.4     0.388565
0.41     0.397794
0.42     0.406985
0.43     0.416135
0.44     0.425244
0.45     0.43431
0.46     0.443333
0.47     0.452312
0.48     0.461245
0.49     0.470131
0.5     0.478971
0.51     0.487762
0.52     0.496504
0.53     0.505195
0.54     0.513836
0.55     0.522424
0.56     0.53096
0.57     0.539441
0.58     0.547868
0.59     0.55624
0.6     0.564554
0.61     0.572812
0.62     0.581011
0.63     0.589151
0.64     0.597231
0.65     0.60525
0.66     0.613208
0.67     0.621103
0.68     0.628935
0.69     0.636703
0.7     0.644407
0.71     0.652044
0.72     0.659616
0.73     0.66712
0.74     0.674556
0.75     0.681924
0.76     0.689222
0.77     0.696451
0.78     0.703608
0.79     0.710694
0.8     0.717708
0.81     0.724649
0.82     0.731516
0.83     0.738309
0.84     0.745028
0.85     0.75167
0.86     0.758237
0.87     0.764726
0.88     0.771139
0.89     0.777473
0.9     0.783728
0.91     0.789904
0.92     0.796
0.93     0.802016
0.94     0.80795
0.95     0.813803
0.96     0.819574
0.97     0.825262
0.98     0.830867
0.99     0.836388
1     0.841825
1.01     0.847176
1.02     0.852443
1.03     0.857624
1.04     0.862718
1.05     0.867725
1.06     0.872646
1.07     0.877478
1.08     0.882223
1.09     0.886879
1.1     0.891445
1.11     0.895923
1.12     0.90031
1.13     0.904607
1.14     0.908813
1.15     0.912929
1.16     0.916953
1.17     0.920885
1.18     0.924724
1.19     0.928472
1.2     0.932126
1.21     0.935687
1.22     0.939155
1.23     0.942529
1.24     0.945809
1.25     0.948994
1.26     0.952084
1.27     0.95508
1.28     0.95798
1.29     0.960784
1.3     0.963493
1.31     0.966106
1.32     0.968622
1.33     0.971042
1.34     0.973365
1.35     0.975591
1.36     0.977719
1.37     0.979751
1.38     0.981685
1.39     0.983521
1.4     0.98526
1.41     0.9869
1.42     0.988442
1.43     0.989886
1.44     0.991231
1.45     0.992478
1.46     0.993626
1.47     0.994675
1.48     0.995626
1.49     0.996477
1.5     0.997229
1.51     0.997883
1.52     0.998437
1.53     0.998892
1.54     0.999247
1.55     0.999503
1.56     0.99966
1.57     0.999718
1.58     0.999676
1.59     0.999535
1.6     0.999295
1.61     0.998955
1.62     0.998516
1.63     0.997978
1.64     0.997341
1.65     0.996604
1.66     0.995769
1.67     0.994834
1.68     0.993801
1.69     0.992669
1.7     0.991438
1.71     0.990108
1.72     0.98868
1.73     0.987154
1.74     0.985529
1.75     0.983806
1.76     0.981986
1.77     0.980067
1.78     0.978051
1.79     0.975938
1.8     0.973728
1.81     0.97142
1.82     0.969016
1.83     0.966515
1.84     0.963918
1.85     0.961224
1.86     0.958435
1.87     0.95555
1.88     0.95257
1.89     0.949495
1.9     0.946325
1.91     0.94306
1.92     0.939701
1.93     0.936249
1.94     0.932702
1.95     0.929063
1.96     0.92533
1.97     0.921505
1.98     0.917587
1.99     0.913578
2     0.909477
2.01     0.905285
2.02     0.901003
2.03     0.89663
2.04     0.892167
2.05     0.887614
2.06     0.882972
2.07     0.878242
2.08     0.873423
2.09     0.868517
2.1     0.863523
2.11     0.858442
2.12     0.853275
2.13     0.848022
2.14     0.842684
2.15     0.837261
2.16     0.831753
2.17     0.826161
2.18     0.820486
2.19     0.814729
2.2     0.808889
2.21     0.802967
2.22     0.796964
2.23     0.79088
2.24     0.784717
2.25     0.778474
2.26     0.772152
2.27     0.765753
2.28     0.759275
2.29     0.752721
2.3     0.74609
2.31     0.739383
2.32     0.732602
2.33     0.725746
2.34     0.718817
2.35     0.711814
2.36     0.70474
2.37     0.697593
2.38     0.690376
2.39     0.683088
2.4     0.675732
2.41     0.668306
2.42     0.660812
2.43     0.653251
2.44     0.645624
2.45     0.637931
2.46     0.630173
2.47     0.622351
2.48     0.614465
2.49     0.606517
2.5     0.598508
2.51     0.590437
2.52     0.582306
2.53     0.574116
2.54     0.565868
2.55     0.557562
2.56     0.5492
2.57     0.540781
2.58     0.532308
2.59     0.523781
2.6     0.515201
2.61     0.506569
2.62     0.497885
2.63     0.489151
2.64     0.480368
2.65     0.471536
2.66     0.462657
2.67     0.453731
2.68     0.444759
2.69     0.435744
2.7     0.426684
2.71     0.417582
2.72     0.408439
2.73     0.399254
2.74     0.390031
2.75     0.380769
2.76     0.371469
2.77     0.362133
2.78     0.352762
2.79     0.343357
2.8     0.333918
2.81     0.324447
2.82     0.314946
2.83     0.305414
2.84     0.295854
2.85     0.286266
2.86     0.276652
2.87     0.267013
2.88     0.257349
2.89     0.247662
2.9     0.237953
2.91     0.228224
2.92     0.218475
2.93     0.208708
2.94     0.198924
2.95     0.189124
2.96     0.179309
2.97     0.169481
2.98     0.159641
2.99     0.14979
3     0.139929
3.01     0.13006
3.02     0.120184
3.03     0.110302
3.04     0.100415
3.05     0.0905256
3.06     0.0806339
3.07     0.0707417
3.08     0.0608502
3.09     0.0509608
3.1     0.0410748
3.11     0.0311936
3.12     0.0213186
3.13     0.0114512
3.14     0.00159265
