 -8.33324181631509474E-006   0.0000000000000000       1.04164381079740421E-008
 -4.16650691361358777E-005   0.0000000000000000       1.24991582968203450E-007
 -9.99911933970414085E-005   0.0000000000000000       4.68679021565269007E-007
 -1.83304223286420839E-004   0.0000000000000000       1.16635060174499684E-006
 -2.91593650187775240E-004   0.0000000000000000       2.34275283010587322E-006
 -4.24845854221218963E-004   0.0000000000000000       4.12246336089133445E-006
 -5.83044112062556944E-004   0.0000000000000000       6.62984764138768354E-006
 -7.66168606530661755E-004   0.0000000000000000       9.98901575372750417E-006
 -9.74196437930572538E-004   0.0000000000000000       1.43237794926425182E-005
 -1.20710163713746792E-003   0.0000000000000000       1.97576097182831600E-005
 -1.46485518040442332E-003   0.0000000000000000       2.64135940227260541E-005
 -1.74742500587467221E-003   0.0000000000000000       3.44143947482264428E-005
 -2.05477603177692909E-003   0.0000000000000000       4.38822073946422696E-005
 -2.38687017628024011E-003   0.0000000000000000       5.49387194527617041E-005
 -2.74366637898276452E-003   0.0000000000000000       6.77050696995087139E-005
 -3.12512062400691418E-003   0.0000000000000000       8.23018079901837764E-005
 -3.53118596467133809E-003   0.0000000000000000       9.88488555820214899E-005
 -3.96181254970838503E-003   0.0000000000000000       1.17465466022416364E-004
 -4.41694765099388386E-003   0.0000000000000000       1.38270186634184767E-004
 -4.89653569275437257E-003   0.0000000000000000       1.61380820629197899E-004
 -5.40051828221524855E-003   0.0000000000000000       1.86914389880640704E-004
 -5.92883424165177933E-003   0.0000000000000000       2.14987098383027751E-004
 -6.48141964180341812E-003   0.0000000000000000       2.45714296427942101E-004
 -7.05820783661048785E-003   0.0000000000000000       2.79210445522261449E-004
 -7.65912949923098704E-003   0.0000000000000000       3.15589084074398339E-004
 -8.28411265929406872E-003   0.0000000000000000       3.54962793872814282E-004
 -8.93308274134561181E-003   0.0000000000000000       3.97443167379771430E-004
 -9.60596260444027301E-003   0.0000000000000000       4.43140775861966866E-004
 -1.03026725828334886E-002   0.0000000000000000       4.92165138378352534E-004
 -1.10231305277260303E-002   0.0000000000000000       5.44624691644087118E-004
 -1.17672518500129813E-002   0.0000000000000000       6.00626760788193557E-004
 -1.25349495639883526E-002   0.0000000000000000       6.60277531021112303E-004
 -1.33261343319559921E-002   0.0000000000000000       7.23682020226951747E-004
 -1.41407145096969795E-002   0.0000000000000000       7.90944052493842086E-004
 -1.49785961927433181E-002   0.0000000000000000       8.62166232594403304E-004
 -1.58396832634074801E-002   0.0000000000000000       9.37449921426946708E-004
 -1.67238774385171513E-002   0.0000000000000000       1.01689521242664190E-003
 -1.76310783178044266E-002   0.0000000000000000       1.10060090895450170E-003
 -1.85611834328987396E-002   0.0000000000000000       1.18866450267067036E-003
 -1.95140882968728030E-002   0.0000000000000000       1.28118215289715030E-003
 -2.04896864542911013E-002   0.0000000000000000       1.37824866697376256E-003
 -2.14878695317106475E-002   0.0000000000000000       1.47995748160982326E-003
 -2.25085272885840668E-002   0.0000000000000000       1.58640064523272398E-003
 -2.35515476685154920E-002   0.0000000000000000       1.69766880133333199E-003
 -2.46168168508201814E-002   0.0000000000000000       1.81385117280688751E-003
 -2.57042193023393900E-002   0.0000000000000000       1.93503554728685894E-003
 -2.68136378294625867E-002   0.0000000000000000       2.06130826346803252E-003
 -2.79449536303097990E-002   0.0000000000000000       2.19275419841396873E-003
 -2.90980463470276660E-002   0.0000000000000000       2.32945675584283118E-003
 -3.02727941181534996E-002   0.0000000000000000       2.47149785538452668E-003
 -3.14690736310026253E-002   0.0000000000000000       2.61895792280103946E-003
 -3.26867601740350733E-002   0.0000000000000000       2.77191588116084938E-003
 -3.39257276891587536E-002   0.0000000000000000       2.93044914295735202E-003
 -3.51858488239271960E-002   0.0000000000000000       3.09463360316027461E-003
 -3.64669949835910098E-002   0.0000000000000000       3.26454363318820625E-003
 -3.77690363829633335E-002   0.0000000000000000       3.44025207578951093E-003
 -3.90918420980606376E-002   0.0000000000000000       3.62183024081810323E-003
 -4.04352801174813967E-002   0.0000000000000000       3.80934790188980138E-003
 -4.17992173934864028E-002   0.0000000000000000       4.00287329390427386E-003
 -4.31835198927455893E-002   0.0000000000000000       4.20247311141691820E-003
 -4.45880526467176339E-002   0.0000000000000000       4.40821250784438710E-003
 -4.60126798016296662E-002   0.0000000000000000       4.62015509548690390E-003
 -4.74572646680258697E-002   0.0000000000000000       4.83836294634996684E-003
 -4.89216697698548961E-002   0.0000000000000000       5.06289659374754581E-003
 -5.04057568930674008E-002   0.0000000000000000       5.29381503466842384E-003
 -5.19093871336962775E-002   0.0000000000000000       5.53117573288694053E-003
 -5.34324209453934384E-002   0.0000000000000000       5.77503462279899734E-003
 -5.49747181863983331E-002   0.0000000000000000       6.02544611396389328E-003
 -5.65361381659147261E-002   0.0000000000000000       6.28246309633224195E-003
 -5.81165396898734518E-002   0.0000000000000000       6.54613694613999722E-003
 -5.97157811060602256E-002   0.0000000000000000       6.81651753244839030E-003
 -6.13337203485889437E-002   0.0000000000000000       7.09365322430941837E-003
 -6.29702149817019385E-002   0.0000000000000000       7.37759089853638750E-003
 -6.46251222428802646E-002   0.0000000000000000       7.66837594805891334E-003
 -6.62982990852479248E-002   0.0000000000000000       7.96605229084172001E-003
 -6.79896022192555682E-002   0.0000000000000000       8.27066237934654704E-003
 -6.96988881536300953E-002   0.0000000000000000       8.58224721051645961E-003
 -7.14260132355779148E-002   0.0000000000000000       8.90084633626192848E-003
 -7.31708336902308354E-002   0.0000000000000000       9.22649787442805097E-003
 -7.49332056593245144E-002   0.0000000000000000       9.55923852022241664E-003
 -7.67129852391007228E-002   0.0000000000000000       9.89910355808323005E-003
 -7.85100285174255286E-002   0.0000000000000000       1.02461268739674274E-002
 -8.03241916101169323E-002   0.0000000000000000       1.06003409680387080E-002
 -8.21553306964760005E-002   0.0000000000000000       1.09617769677355804E-002
 -8.40033020540170983E-002   0.0000000000000000       1.13304646411997549E-002
 -8.58679620923934184E-002   0.0000000000000000       1.17064324110454088E-002
 -8.77491673865150451E-002   0.0000000000000000       1.20897073684501470E-002
 -8.96467747088578598E-002   0.0000000000000000       1.24803152875487232E-002
 -9.15606410609622057E-002   0.0000000000000000       1.28782806401108695E-002
 -9.34906237041213811E-002   0.0000000000000000       1.32836266104849107E-002
 -9.54365801892606003E-002   0.0000000000000000       1.36963751107891333E-002
 -9.73983683860079885E-002   0.0000000000000000       1.41165467963332240E-002
 -9.93758465109599309E-002   0.0000000000000000       1.45441610812524196E-002
 -0.10136887315514381        0.0000000000000000       1.49792361543373796E-002
 -0.10337730731068173        0.0000000000000000       1.54217889950431543E-002
 -0.10540100839665982        0.0000000000000000       1.58718353896609710E-002
 -0.10743983628420790        0.0000000000000000       1.63293899476369860E-002
 -0.10949365132079536        0.0000000000000000       1.67944661180224747E-002
 -0.11156231435374919        0.0000000000000000       1.72670762060404027E-002
 -0.11364568675300116        0.0000000000000000       1.77472313897536309E-002
 -0.11574363043307112        0.0000000000000000       1.82349417368204737E-002
 -0.11785600787429443        0.0000000000000000       1.87302162213237311E-002
 -0.11998268214330135        0.0000000000000000       1.92330627406596608E-002
 -0.12212351691275734        0.0000000000000000       1.97434881324738548E-002
 -0.12427837648037302        0.0000000000000000       2.02614981916313074E-002
 -0.12644712578719322        0.0000000000000000       2.07870976872084438E-002
 -0.12862963043517489        0.0000000000000000       2.13202903794952221E-002
 -0.13082575670406374        0.0000000000000000       2.18610790369958910E-002
 -0.13303537156758008        0.0000000000000000       2.24094654534173210E-002
 -0.13525834270892440        0.0000000000000000       2.29654504646343120E-002
 -0.13749453853561330        0.0000000000000000       2.35290339656215909E-002
 -0.13974382819365719        0.0000000000000000       2.41002149273426836E-002
 -0.14200608158109057        0.0000000000000000       2.46789914135861835E-002
 -0.14428116936086663        0.0000000000000000       2.52653605977403682E-002
 -0.14656896297312755        0.0000000000000000       2.58593187794974588E-002
 -0.14886933464686217        0.0000000000000000       2.64608614014792305E-002
 -0.15118215741096300        0.0000000000000000       2.70699830657760189E-002
 -0.15350730510469426        0.0000000000000000       2.76866775503915620E-002
 -0.15584465238758308        0.0000000000000000       2.83109378255864547E-002
 -0.15819407474874578        0.0000000000000000       2.89427560701133631E-002
 -0.16055544851566142        0.0000000000000000       2.95821236873374839E-002
 -0.16292865086240452        0.0000000000000000       3.02290313212360585E-002
 -0.16531355981734938        0.0000000000000000       3.08834688722711033E-002
 -0.16771005427035773        0.0000000000000000       3.15454255131298530E-002
 -0.17011801397946211        0.0000000000000000       3.22148897043276761E-002
 -0.17253731957705690        0.0000000000000000       3.28918492096686096E-002
 -0.17496785257560898        0.0000000000000000       3.35762911115589022E-002
 -0.17740949537290010        0.0000000000000000       3.42682018261692423E-002
 -0.17986213125681277        0.0000000000000000       3.49675671184416989E-002
 -0.18232564440967153        0.0000000000000000       3.56743721169376291E-002
 -0.18479991991215128        0.0000000000000000       3.63886013285230764E-002
 -0.18728484374676446        0.0000000000000000       3.71102386528884692E-002
 -0.18978030280093844        0.0000000000000000       3.78392673968996548E-002
 -0.19228618486969462        0.0000000000000000       3.85756702887776262E-002
 -0.19480237865794062        0.0000000000000000       3.93194294921043810E-002
 -0.19732877378238661        0.0000000000000000       4.00705266196528104E-002
 -0.19986526077309696        0.0000000000000000       4.08289427470384797E-002
 -0.20241173107468802        0.0000000000000000       4.15946584261916372E-002
 -0.20496807704718284        0.0000000000000000       4.23676536986477628E-002
 -0.20753419196653353        0.0000000000000000       4.31479081086553681E-002
 -0.21010997002482149        0.0000000000000000       4.39354007160997762E-002
 -0.21269530633014619        0.0000000000000000       4.47301101092419662E-002
 -0.21529009690621229        0.0000000000000000       4.55320144172715879E-002
 -0.21789423869162522        0.0000000000000000       4.63410913226735485E-002
 -0.22050762953890518        0.0000000000000000       4.71573180734076586E-002
 -0.22313016821322901        0.0000000000000000       4.79806714949010393E-002
 -0.22576175439090940        0.0000000000000000       4.88111280018530824E-002
 -0.22840228865762102        0.0000000000000000       4.96486636098529832E-002
 -0.23105167250638226        0.0000000000000000       5.04932539468099031E-002
 -0.23370980833530189        0.0000000000000000       5.13448742641960318E-002
 -0.23637659944509939        0.0000000000000000       5.22034994481029371E-002
 -0.23905195003640720        0.0000000000000000       5.30691040301116621E-002
 -0.24173576520686377        0.0000000000000000       5.39416621979771846E-002
 -0.24442795094800535        0.0000000000000000       5.48211478061279428E-002
 -0.24712841414196460        0.0000000000000000       5.57075343859812847E-002
 -0.24983706255798405        0.0000000000000000       5.66007951560756895E-002
 -0.25255380484875201        0.0000000000000000       5.75009030320208156E-002
 -0.25527855054656845        0.0000000000000000       5.84078306362664779E-002
 -0.25801121005934818        0.0000000000000000       5.93215503076916784E-002
 -0.26075169466646858        0.0000000000000000       6.02420341110150095E-002
 -0.26349991651446886        0.0000000000000000       6.11692538460277130E-002
 -0.26625578861260757        0.0000000000000000       6.21031810566507955E-002
 -0.26901922482828533        0.0000000000000000       6.30437870398176947E-002
 -0.27179013988233874        0.0000000000000000       6.39910428541840132E-002
 -0.27456844934421221        0.0000000000000000       6.49449193286658066E-002
 -0.27735406962701387        0.0000000000000000       6.59053870708082440E-002
 -0.28014691798246122        0.0000000000000000       6.68724164749861100E-002
 -0.28294691249572262        0.0000000000000000       6.78459777304379896E-002
 -0.28575397208016035        0.0000000000000000       6.88260408291359316E-002
 -0.28856801647198033        0.0000000000000000       6.98125755734922832E-002
 -0.29138896622479432        0.0000000000000000       7.08055515839055710E-002
 -0.29421674270409959        0.0000000000000000       7.18049383061473839E-002
 -0.29705126808168103        0.0000000000000000       7.28107050185920340E-002
 -0.29989246532994090        0.0000000000000000       7.38228208392909674E-002
 -0.30274025821616052        0.0000000000000000       7.48412547328938804E-002
 -0.30559457129669892        0.0000000000000000       7.58659755174184852E-002
 -0.30845532991113267        0.0000000000000000       7.68969518708708943E-002
 -0.31132246017634146        0.0000000000000000       7.79341523377186790E-002
 -0.31419588898054324        0.0000000000000000       7.89775453352185436E-002
 -0.31707554397728344        0.0000000000000000       8.00270991596006703E-002
 -0.31996135357938194        0.0000000000000000       8.10827819921117188E-002
 -0.32285324695284134        0.0000000000000000       8.21445619049186310E-002
 -0.32575115401072108        0.0000000000000000       8.32124068668750744E-002
 -0.32865500540697973        0.0000000000000000       8.42862847491528261E-002
 -0.33156473253029006        0.0000000000000000       8.53661633307398748E-002
 -0.33448026749782933        0.0000000000000000       8.64520103038074889E-002
 -0.33740154314904869        0.0000000000000000       8.75437932789481510E-002
 -0.34032849303942403        0.0000000000000000       8.86414797902864843E-002
 -0.34326105143419211        0.0000000000000000       8.97450373004651386E-002
 -0.34619915330207413        0.0000000000000000       9.08544332055076787E-002
 -0.34914273430898990        0.0000000000000000       9.19696348395604990E-002
 -0.35209173081176515        0.0000000000000000       9.30906094795157235E-002
 -0.35504607985183456        0.0000000000000000       9.42173243495171842E-002
 -0.35800571914894297        0.0000000000000000       9.53497466253513115E-002
 -0.36097058709484720        0.0000000000000000       9.64878434387250461E-002
 -0.36394062274702060        0.0000000000000000       9.76315818814326303E-002
 -0.36691576582236285        0.0000000000000000       9.87809290094132791E-002
 -0.36989595669091674        0.0000000000000000       9.99358518467016177E-002
 -0.37288113636959408        0.0000000000000000       0.10109631738927288     
 -0.37587124651591292        0.0000000000000000       0.10226229260878457     
 -0.37886622942174747        0.0000000000000000       0.10343374445621668     
 -0.38186602800709296        0.0000000000000000       0.10461063986541225     
 -0.38487058581384687        0.0000000000000000       0.10579294575651998     
 -0.38787984699960809        0.0000000000000000       0.10698062903934098     
 -0.39089375633149587        0.0000000000000000       0.10817365661658115     
 -0.39391225917998968        0.0000000000000000       0.10937199538701123     
 -0.39693530151279177        0.0000000000000000       0.11057561224853610     
 -0.39996282988871351        0.0000000000000000       0.11178447410117527     
 -0.40299479145158679        0.0000000000000000       0.11299854784995603     
 -0.40603113392420181        0.0000000000000000       0.11421780040772113     
 -0.40907180560227246        0.0000000000000000       0.11544219869785266     
 -0.41211675534843040        0.0000000000000000       0.11667170965691369     
 -0.41516593258624845        0.0000000000000000       0.11790630023720941     
 -0.41821928729429519        0.0000000000000000       0.11914593740926931     
 -0.42127677000022051        0.0000000000000000       0.12039058816425198     
 -0.42433833177487429        0.0000000000000000       0.12164021951627424     
 -0.42740392422645790        0.0000000000000000       0.12289479850466589     
 -0.43047349949471009        0.0000000000000000       0.12415429219615184     
 -0.43354701024512760        0.0000000000000000       0.12541866768696300     
 -0.43662440966322141        0.0000000000000000       0.12668789210487738     
 -0.43970565144880908        0.0000000000000000       0.12796193261119307     
 -0.44279068981034381        0.0000000000000000       0.12924075640263410     
 -0.44587947945928114        0.0000000000000000       0.13052433071319114     
 -0.44897197560448332        0.0000000000000000       0.13181262281589795     
 -0.45206813394666218        0.0000000000000000       0.13310560002454522     
 -0.45516791067286061        0.0000000000000000       0.13440322969533300     
 -0.45827126245097360        0.0000000000000000       0.13570547922846327     
 -0.46137814642430880        0.0000000000000000       0.13701231606967354     
 -0.46448852020618686        0.0000000000000000       0.13832370771171315     
 -0.46760234187458249        0.0000000000000000       0.13963962169576338     
 -0.47071956996680564        0.0000000000000000       0.14096002561280249     
 -0.47384016347422375        0.0000000000000000       0.14228488710491713     
 -0.47696408183702521        0.0000000000000000       0.14361417386656111     
 -0.48009128493902381        0.0000000000000000       0.14494785364576282     
 -0.48322173310250466        0.0000000000000000       0.14628589424528232     
 -0.48635538708311199        0.0000000000000000       0.14762826352371949     
 -0.48949220806477833        0.0000000000000000       0.14897492939657395     
 -0.49263215765469559        0.0000000000000000       0.15032585983725824     
 -0.49577519787832819        0.0000000000000000       0.15168102287806506     
 -0.49892129117446782        0.0000000000000000       0.15304038661108973     
 -0.50207040039033046        0.0000000000000000       0.15440391918910884     
 -0.50522248877669540        0.0000000000000000       0.15577158882641612     
 -0.50837751998308578        0.0000000000000000       0.15714336379961663     
 -0.51153545805299183        0.0000000000000000       0.15851921244838002     
 -0.51469626741913532        0.0000000000000000       0.15989910317615397     
 -0.51785991289877631        0.0000000000000000       0.16128300445083871     
 -0.52102635968906141        0.0000000000000000       0.16267088480542349     
 -0.52419557336241407        0.0000000000000000       0.16406271283858603     
 -0.52736751986196595        0.0000000000000000       0.16545845721525557     
 -0.53054216549703015        0.0000000000000000       0.16685808666714064     
 -0.53371947693861588        0.0000000000000000       0.16826156999322237     
 -0.53689942121498369        0.0000000000000000       0.16966887606021394     
 -0.54008196570724232        0.0000000000000000       0.17107997380298717     
 -0.54326707814498609        0.0000000000000000       0.17249483222496712     
 -0.54645472660197314        0.0000000000000000       0.17391342039849517     
 -0.54964487949184404        0.0000000000000000       0.17533570746516172     
 -0.55283750556388067        0.0000000000000000       0.17676166263610898     
 -0.55603257389880489        0.0000000000000000       0.17819125519230467     
 -0.55923005390461766        0.0000000000000000       0.17962445448478728     
 -0.56242991531247721        0.0000000000000000       0.18106122993488385     
 -0.56563212817261688        0.0000000000000000       0.18250155103440055     
 -0.56883666285030177        0.0000000000000000       0.18394538734578703     
 -0.57204349002182442        0.0000000000000000       0.18539270850227510     
 -0.57525258067053930        0.0000000000000000       0.18684348420799241     
 -0.57846390608293508        0.0000000000000000       0.18829768423805163     
 -0.58167743784474535        0.0000000000000000       0.18975527843861603     
 -0.58489314783709723        0.0000000000000000       0.19121623672694166     
 -0.58811100823269691        0.0000000000000000       0.19268052909139707     
 -0.59133099149205270        0.0000000000000000       0.19414812559146111     
 -0.59455307035973526        0.0000000000000000       0.19561899635769894     
 -0.59777721786067373        0.0000000000000000       0.19709311159171752     
 -0.60100340729648871        0.0000000000000000       0.19857044156610051     
 -0.60423161224186084        0.0000000000000000       0.20005095662432332     
 -0.60746180654093529        0.0000000000000000       0.20153462718064899     
 -0.61069396430376144        0.0000000000000000       0.20302142372000503     
 -0.61392805990276766        0.0000000000000000       0.20451131679784210     
 -0.61716406796927059        0.0000000000000000       0.20600427703997476     
 -0.62040196339001885        0.0000000000000000       0.20750027514240485     
 -0.62364172130377094        0.0000000000000000       0.20899928187112790     
 -0.62688331709790679        0.0000000000000000       0.21050126806192312     
 -0.63012672640507239        0.0000000000000000       0.21200620462012729     
 -0.63337192509985774        0.0000000000000000       0.21351406252039309     
 -0.63661888929550747        0.0000000000000000       0.21502481280643224     
 -0.63986759534066373        0.0000000000000000       0.21653842659074368     
 -0.64311801981614092        0.0000000000000000       0.21805487505432766     
 -0.64637013953173239        0.0000000000000000       0.21957412944638552     
 -0.64962393152304843        0.0000000000000000       0.22109616108400604     
 -0.65287937304838517        0.0000000000000000       0.22262094135183844     
 -0.65613644158562379        0.0000000000000000       0.22414844170175258     
 -0.65939511482916069        0.0000000000000000       0.22567863365248653     
 -0.66265537068686708        0.0000000000000000       0.22721148878928196     
 -0.66591718727707838        0.0000000000000000       0.22874697876350772     
 -0.66918054292561291        0.0000000000000000       0.23028507529227185     
 -0.67244541616281928        0.0000000000000000       0.23182575015802240     
 -0.67571178572065271        0.0000000000000000       0.23336897520813735     
 -0.67897963052977928        0.0000000000000000       0.23491472235450389     
 -0.68224892971670792        0.0000000000000000       0.23646296357308752     
 -0.68551966260095054        0.0000000000000000       0.23801367090349107     
 -0.68879180869220880        0.0000000000000000       0.23956681644850394     
 -0.69206534768758787        0.0000000000000000       0.24112237237364209     
 -0.69534025946883671        0.0000000000000000       0.24268031090667858     
 -0.69861652409961472        0.0000000000000000       0.24424060433716546     
 -0.70189412182278366        0.0000000000000000       0.24580322501594692     
 -0.70517303305772594        0.0000000000000000       0.24736814535466387     
 -0.70845323839768704        0.0000000000000000       0.24893533782525062     
 -0.71173471860714366        0.0000000000000000       0.25050477495942353     
 -0.71501745461919552        0.0000000000000000       0.25207642934816182     
 -0.71830142753298198        0.0000000000000000       0.25365027364118115     
 -0.72158661861112205        0.0000000000000000       0.25522628054639984     
 -0.72487300927717802        0.0000000000000000       0.25680442282939797     
 -0.72816058111314219        0.0000000000000000       0.25838467331286991     
 -0.73144931585694650        0.0000000000000000       0.25996700487606988     
 -0.73473919539999433        0.0000000000000000       0.26155139045425135     
 -0.73803020178471501        0.0000000000000000       0.26313780303810025     
 -0.74132231720213937        0.0000000000000000       0.26472621567316174     
 -0.74461552398949760        0.0000000000000000       0.26631660145926161     
 -0.74790980462783774        0.0000000000000000       0.26790893354992174     
 -0.75120514173966513        0.0000000000000000       0.26950318515177002     
 -0.75450151808660260        0.0000000000000000       0.27109932952394511     
 -0.75779891656707055        0.0000000000000000       0.27269733997749585     
 -0.76109732021398724        0.0000000000000000       0.27429718987477569     
 -0.76439671219248850        0.0000000000000000       0.27589885262883240     
 -0.76769707579766655        0.0000000000000000       0.27750230170279278     
 -0.77099839445232810        0.0000000000000000       0.27910751060924321     
 -0.77430065170477069        0.0000000000000000       0.28071445290960545     
 -0.77760383122657806        0.0000000000000000       0.28232310221350831     
 -0.78090791681043248        0.0000000000000000       0.28393343217815509     
 -0.78421289236794589        0.0000000000000000       0.28554541650768706     
 -0.78751874192750770        0.0000000000000000       0.28715902895254319     
 -0.79082544963214985        0.0000000000000000       0.28877424330881596     
 -0.79413299973742912        0.0000000000000000       0.29039103341760347     
 -0.79744137660932524        0.0000000000000000       0.29200937316435827     
 -0.80075056472215578        0.0000000000000000       0.29362923647823258     
 -0.80406054865650689        0.0000000000000000       0.29525059733142039     
 -0.80737131309717913        0.0000000000000000       0.29687342973849618     
 -0.81068284283114922        0.0000000000000000       0.29849770775575074     
 -0.81399512274554675        0.0000000000000000       0.30012340548052402     
 -0.81730813782564526        0.0000000000000000       0.30175049705053492     
 -0.82062187315286816        0.0000000000000000       0.30337895664320857     
 -0.82393631390280853        0.0000000000000000       0.30500875847500064     
 -0.82725144534326323        0.0000000000000000       0.30663987680071936     
 -0.83056725283227995        0.0000000000000000       0.30827228591284483     
 -0.83388372181621817        0.0000000000000000       0.30990596014084598     
 -0.83720083782782306        0.0000000000000000       0.31154087385049517     
 -0.84051858648431155        0.0000000000000000       0.31317700144318061     
 -0.84383695348547183        0.0000000000000000       0.31481431735521670     
 -0.84715592461177436        0.0000000000000000       0.31645279605715193     
 -0.85047548572249487        0.0000000000000000       0.31809241205307520     
 -0.85379562275384946        0.0000000000000000       0.31973313987991980     
 -0.85711632171714058        0.0000000000000000       0.32137495410676586     
 -0.86043756869691412        0.0000000000000000       0.32301782933414086     
 -0.86375934984912794        0.0000000000000000       0.32466174019331823     
 -0.86708165139933024        0.0000000000000000       0.32630666134561459     
 -0.87040445964084878        0.0000000000000000       0.32795256748168522     
 -0.87372776093298976        0.0000000000000000       0.32959943332081787     
 -0.87705154169924660        0.0000000000000000       0.33124723361022534     
 -0.88037578842551845        0.0000000000000000       0.33289594312433646     
 -0.88370048765833764        0.0000000000000000       0.33454553666408571     
 -0.88702562600310630        0.0000000000000000       0.33619598905620152     
 -0.89035119012234143        0.0000000000000000       0.33784727515249341     
 -0.89367716673392905        0.0000000000000000       0.33949936982913770     
 -0.89700354260938586        0.0000000000000000       0.34115224798596239     
 -0.90033030457212926        0.0000000000000000       0.34280588454573052     
 -0.90365743949575494        0.0000000000000000       0.34446025445342282     
 -0.90698493430232219        0.0000000000000000       0.34611533267551903     
 -0.91031277596064586        0.0000000000000000       0.34777109419927854     
 -0.91364095148459568        0.0000000000000000       0.34942751403201994     
 -0.91696944793140223        0.0000000000000000       0.35108456720039960     
 -0.92029825239996932        0.0000000000000000       0.35274222874968958     
 -0.92362735202919222        0.0000000000000000       0.35440047374305456     
 -0.92695673399628242        0.0000000000000000       0.35605927726082826     
 -0.93028638551509779        0.0000000000000000       0.35771861439978875     
 -0.93361629383447797        0.0000000000000000       0.35937846027243342     
 -0.93694644623658541        0.0000000000000000       0.36103879000625316     
 -0.94027683003525075        0.0000000000000000       0.36269957874300579     
 -0.94360743257432378        0.0000000000000000       0.36436080163798912     
 -0.94693824122602799        0.0000000000000000       0.36602243385931332     
 -0.95026924338931973        0.0000000000000000       0.36768445058717292     
 -0.95360042648825150        0.0000000000000000       0.36934682701311811     
 -0.95693177797033857        0.0000000000000000       0.37100953833932576     
 -0.96026328530492955        0.0000000000000000       0.37267255977787000     
 -0.96359493598157953        0.0000000000000000       0.37433586654999235     
 -0.96692671750842707        0.0000000000000000       0.37599943388537138     
 -0.97025861741057340        0.0000000000000000       0.37766323702139248     
 -0.97359062322846424        0.0000000000000000       0.37932725120241684     
 -0.97692272251627388        0.0000000000000000       0.38099145167905030     
 -0.98025490284029138        0.0000000000000000       0.38265581370741225     
 -0.98358715177730871        0.0000000000000000       0.38432031254840388     
 -0.98691945691301008        0.0000000000000000       0.38598492346697655     
 -0.99025180584036299        0.0000000000000000       0.38764962173139988     
 -0.99358418615800981        0.0000000000000000       0.38931438261252987     
 -0.99691658546866102        0.0000000000000000       0.39097918138307663     
  -1.0002489913774884        0.0000000000000000       0.39264399331687233     
  -1.0035813914905185        0.0000000000000000       0.39430879368813893     
  -1.0069137734130271        0.0000000000000000       0.39597355777075594     
  -1.0102461247479326        0.0000000000000000       0.39763826083752835     
  -1.0135784330941897        0.0000000000000000       0.39930287815945426     
  -1.0169106860451815        0.0000000000000000       0.40096738500499296     
  -1.0202428711871128        0.0000000000000000       0.40263175663933276     
  -1.0235749760973996        0.0000000000000000       0.40429596832365927     
  -1.0269069883430599        0.0000000000000000       0.40595999531442351     
  -1.0302388954791013        0.0000000000000000       0.40762381286261046     
  -1.0335706850469069        0.0000000000000000       0.40928739621300769     
  -1.0369023445726202        0.0000000000000000       0.41095072060347432     
  -1.0402338615655273        0.0000000000000000       0.41261376126421001     
  -1.0435652235164354        0.0000000000000000       0.41427649341702455     
  -1.0468964178960503        0.0000000000000000       0.41593889227460767     
  -1.0502274321533500        0.0000000000000000       0.41760093303979906     
  -1.0535582537139554        0.0000000000000000       0.41926259090485890     
  -1.0568888699784971        0.0000000000000000       0.42092384105073899     
  -1.0602192683209788        0.0000000000000000       0.42258465864635386     
  -1.0635494360871369        0.0000000000000000       0.42424501884785282     
  -1.0668793605927955        0.0000000000000000       0.42590489679789229     
  -1.0702090291222173        0.0000000000000000       0.42756426762490873     
  -1.0735384289264491        0.0000000000000000       0.42922310644239214     
  -1.0768675472216640        0.0000000000000000       0.43088138834816031     
  -1.0801963711874962        0.0000000000000000       0.43253908842363337     
  -1.0835248879653725        0.0000000000000000       0.43419618173310953     
  -1.0868530846568363        0.0000000000000000       0.43585264332304102     
  -1.0901809483218672        0.0000000000000000       0.43750844822131130     
  -1.0935084659771932        0.0000000000000000       0.43916357143651263     
  -1.0968356245945974        0.0000000000000000       0.44081798795722482     
  -1.1001624110992176        0.0000000000000000       0.44247167275129473     
  -1.1034888123678388        0.0000000000000000       0.44412460076511662     
  -1.1068148152271788        0.0000000000000000       0.44577674692291364     
  -1.1101404064521669        0.0000000000000000       0.44742808612602025     
  -1.1134655727642133        0.0000000000000000       0.44907859325216565     
  -1.1167903008294726        0.0000000000000000       0.45072824315475846     
  -1.1201145772570973        0.0000000000000000       0.45237701066217240     
  -1.1234383885974841        0.0000000000000000       0.45402487057703345     
  -1.1267617213405112        0.0000000000000000       0.45567179767550781     
  -1.1300845619137661        0.0000000000000000       0.45731776670659169     
  -1.1334068966807642        0.0000000000000000       0.45896275239140216     
  -1.1367287119391591        0.0000000000000000       0.46060672942246950     
  -1.1400499939189417        0.0000000000000000       0.46224967246303100     
  -1.1433707287806301        0.0000000000000000       0.46389155614632643     
  -1.1466909026134486        0.0000000000000000       0.46553235507489488     
  -1.1500105014334971        0.0000000000000000       0.46717204381987354     
  -1.1533295111819086        0.0000000000000000       0.46881059692029808     
  -1.1566479177229965        0.0000000000000000       0.47044798888240474     
  -1.1599657068423892        0.0000000000000000       0.47208419417893444     
  -1.1632828642451556        0.0000000000000000       0.47371918724843870     
  -1.1665993755539155        0.0000000000000000       0.47535294249458776     
  -1.1699152263069403        0.0000000000000000       0.47698543428548063     
  -1.1732304019562405        0.0000000000000000       0.47861663695295720     
  -1.1765448878656393        0.0000000000000000       0.48024652479191288     
  -1.1798586693088351        0.0000000000000000       0.48187507205961533     
  -1.1831717314674499        0.0000000000000000       0.48350225297502369     
  -1.1864840594290631        0.0000000000000000       0.48512804171811036     
  -1.1897956381852330        0.0000000000000000       0.48675241242918521     
  -1.1931064526295039        0.0000000000000000       0.48837533920822257     
  -1.1964164875553971        0.0000000000000000       0.48999679611419089     
  -1.1997257276543896        0.0000000000000000       0.49161675716438552     
  -1.2030341575138761        0.0000000000000000       0.49323519633376411     
  -1.2063417616151164        0.0000000000000000       0.49485208755428534     
  -1.2096485243311670        0.0000000000000000       0.49646740471425066     
  -1.2129544299247965        0.0000000000000000       0.49808112165764939     
  -1.2162594625463858        0.0000000000000000       0.49969321218350721     
  -1.2195636062318105        0.0000000000000000       0.50130365004523814     
  -1.2228668449003073        0.0000000000000000       0.50291240895000033     
  -1.2261691623523236        0.0000000000000000       0.50451946255805502     
  -1.2294705422673489        0.0000000000000000       0.50612478448213005     
  -1.2327709682017285        0.0000000000000000       0.50772834828678715     
  -1.2360704235864604        0.0000000000000000       0.50933012748779316     
  -1.2393688917249726        0.0000000000000000       0.51093009555149560     
  -1.2426663557908824        0.0000000000000000       0.51252822589420310     
  -1.2459627988257365        0.0000000000000000       0.51412449188156939     
  -1.2492582037367319        0.0000000000000000       0.51571886682798318     
  -1.2525525532944175        0.0000000000000000       0.51731132399596191     
  -1.2558458301303757        0.0000000000000000       0.51890183659555111     
  -1.2591380167348833        0.0000000000000000       0.52049037778372853     
  -1.2624290954545534        0.0000000000000000       0.52207692066381395     
  -1.2657190484899536        0.0000000000000000       0.52366143828488421     
  -1.2690078578932069        0.0000000000000000       0.52524390364119411     
  -1.2722955055655678        0.0000000000000000       0.52682428967160300     
  -1.2755819732549780        0.0000000000000000       0.52840256925900742     
  -1.2788672425536005        0.0000000000000000       0.52997871522978024     
  -1.2821512948953300        0.0000000000000000       0.53155270035321567     
  -1.2854341115532812        0.0000000000000000       0.53312449734098144     
  -1.2887156736372543        0.0000000000000000       0.53469407884657749     
  -1.2919959620911761        0.0000000000000000       0.53626141746480160     
  -1.2952749576905183        0.0000000000000000       0.53782648573122238     
  -1.2985526410396913        0.0000000000000000       0.53938925612166000     
  -1.3018289925694131        0.0000000000000000       0.54094970105167406     
  -1.3051039925340544        0.0000000000000000       0.54250779287605966     
  -1.3083776210089575        0.0000000000000000       0.54406350388835167     
  -1.3116498578877305        0.0000000000000000       0.54561680632033727     
  -1.3149206828795155        0.0000000000000000       0.54716767234157704     
  -1.3181900755062304        0.0000000000000000       0.54871607405893541     
  -1.3214580150997846        0.0000000000000000       0.55026198351611944     
  -1.3247244807992677        0.0000000000000000       0.55180537269322794     
  -1.3279894515481108        0.0000000000000000       0.55334621350630964     
  -1.3312529060912206        0.0000000000000000       0.55488447780693162     
  -1.3345148229720860        0.0000000000000000       0.55642013738175788     
  -1.3377751805298552        0.0000000000000000       0.55795316395213879     
  -1.3410339568963858        0.0000000000000000       0.55948352917371080     
  -1.3442911299932652        0.0000000000000000       0.56101120463600818     
  -1.3475466775288012        0.0000000000000000       0.56253616186208555     
  -1.3508005769949849        0.0000000000000000       0.56405837230815248     
  -1.3540528056644214        0.0000000000000000       0.56557780736322039     
  -1.3573033405872321        0.0000000000000000       0.56709443834876194     
  -1.3605521585879248        0.0000000000000000       0.56860823651838310     
  -1.3637992362622338        0.0000000000000000       0.57011917305750848     
  -1.3670445499739292        0.0000000000000000       0.57162721908308056     
  -1.3702880758515934        0.0000000000000000       0.57313234564327264     
  -1.3735297897853658        0.0000000000000000       0.57463452371721613     
  -1.3767696674236556        0.0000000000000000       0.57613372421474274     
  -1.3800076841698221        0.0000000000000000       0.57762991797614183     
  -1.3832438151788216        0.0000000000000000       0.57912307577193312     
  -1.3864780353538209        0.0000000000000000       0.58061316830265575     
  -1.3897103193427771        0.0000000000000000       0.58210016619867366     
  -1.3929406415349839        0.0000000000000000       0.58358404001999775     
  -1.3961689760575833        0.0000000000000000       0.58506476025612564     
  -1.3993952967720420        0.0000000000000000       0.58654229732589902     
  -1.4026195772705941        0.0000000000000000       0.58801662157737933     
  -1.4058417908726470        0.0000000000000000       0.58948770328774258     
  -1.4090619106211535        0.0000000000000000       0.59095551266319268     
  -1.4122799092789458        0.0000000000000000       0.59242001983889570     
  -1.4154957593250350        0.0000000000000000       0.59388119487893332     
  -1.4187094329508734        0.0000000000000000       0.59533900777627802     
  -1.4219209020565791        0.0000000000000000       0.59679342845278927     
  -1.4251301382471258        0.0000000000000000       0.59824442675923173     
  -1.4283371128284919        0.0000000000000000       0.59969197247531614     
  -1.4315417968037751        0.0000000000000000       0.60113603530976312     
  -1.4347441608692664        0.0000000000000000       0.60257658490039101     
  -1.4379441754104871        0.0000000000000000       0.60401359081422790     
  -1.4411418104981875        0.0000000000000000       0.60544702254764859     
  -1.4443370358843051        0.0000000000000000       0.60687684952653742     
  -1.4475298209978862        0.0000000000000000       0.60830304110647704     
  -1.4507201349409662        0.0000000000000000       0.60972556657296417     
  -1.4539079464844105        0.0000000000000000       0.61114439514165353     
  -1.4570932240637164        0.0000000000000000       0.61255949595862946     
  -1.4602759357747750        0.0000000000000000       0.61397083810070663     
  -1.4634560493695916        0.0000000000000000       0.61537839057576094     
  -1.4666335322519675        0.0000000000000000       0.61678212232309071     
  -1.4698083514731386        0.0000000000000000       0.61818200221380903     
  -1.4729804737273764        0.0000000000000000       0.61957799905126831     
  -1.4761498653475451        0.0000000000000000       0.62097008157151778     
  -1.4793164923006192        0.0000000000000000       0.62235821844379424     
  -1.4824803201831591        0.0000000000000000       0.62374237827104773     
  -1.4856413142167455        0.0000000000000000       0.62512252959050241     
  -1.4887994392433721        0.0000000000000000       0.62649864087425344     
  -1.4919546597207971        0.0000000000000000       0.62787068052990103     
  -1.4951069397178518        0.0000000000000000       0.62923861690122251     
  -1.4982562429097084        0.0000000000000000       0.63060241826888341     
  -1.5014025325731057        0.0000000000000000       0.63196205285118778     
  -1.5045457715815329        0.0000000000000000       0.63331748880486982     
  -1.5076859224003705        0.0000000000000000       0.63466869422592720     
  -1.5108229470819903        0.0000000000000000       0.63601563715049669     
  -1.5139568072608132        0.0000000000000000       0.63735828555577390     
  -1.5170874641483247        0.0000000000000000       0.63869660736097755     
  -1.5202148785280494        0.0000000000000000       0.64003057042835942     
  -1.5233390107504814        0.0000000000000000       0.64136014256426166     
  -1.5264598207279763        0.0000000000000000       0.64268529152022136     
  -1.5295772679295989        0.0000000000000000       0.64400598499412465     
  -1.5326913113759313        0.0000000000000000       0.64532219063141083     
  -1.5358019096338376        0.0000000000000000       0.64663387602632783     
  -1.5389090208111897        0.0000000000000000       0.64794100872323990     
  -1.5420126025515515        0.0000000000000000       0.64924355621798935     
  -1.5451126120288217        0.0000000000000000       0.65054148595931316     
  -1.5482090059418370        0.0000000000000000       0.65183476535031537     
  -1.5513017405089355        0.0000000000000000       0.65312336174999719     
  -1.5543907714624803        0.0000000000000000       0.65440724247484539     
  -1.5574760540433430        0.0000000000000000       0.65568637480048109     
  -1.5605575429953498        0.0000000000000000       0.65696072596336941     
  -1.5636351925596876        0.0000000000000000       0.65823026316259203     
  -1.5667089564692740        0.0000000000000000       0.65949495356168342     
  -1.5697787879430876        0.0000000000000000       0.66075476429053259     
  -1.5728446396804638        0.0000000000000000       0.66200966244735182     
  -1.5759064638553528        0.0000000000000000       0.66325961510071296     
  -1.5789642121105429        0.0000000000000000       0.66450458929165412     
  -1.5820178355518479        0.0000000000000000       0.66574455203585692     
  -1.5850672847422618        0.0000000000000000       0.66697947032589644     
  -1.5881125096960782        0.0000000000000000       0.66820931113356574     
  -1.5911534598729797        0.0000000000000000       0.66943404141227558     
  -1.5941900841720931        0.0000000000000000       0.67065362809953144     
  -1.5972223309260152        0.0000000000000000       0.67186803811948959     
  -1.6002501478948092        0.0000000000000000       0.67307723838559352     
  -1.6032734822599712        0.0000000000000000       0.67428119580329238     
  -1.6062922806183701        0.0000000000000000       0.67547987727284331     
  -1.6093064889761606        0.0000000000000000       0.67667324969219866     
  -1.6123160527426710        0.0000000000000000       0.67786127995998124     
  -1.6153209167242679        0.0000000000000000       0.67904393497854754     
  -1.6183210251181965        0.0000000000000000       0.68022118165714185     
  -1.6213163215064017        0.0000000000000000       0.68139298691514272     
  -1.6243067488493277        0.0000000000000000       0.68255931768540334     
  -1.6272922494797013        0.0000000000000000       0.68372014091768829     
  -1.6302727650962969        0.0000000000000000       0.68487542358220721     
  -1.6332482367576879        0.0000000000000000       0.68602513267324894     
  -1.6362186048759846        0.0000000000000000       0.68716923521291629     
  -1.6391838092105602        0.0000000000000000       0.68830769825496452     
  -1.6421437888617689        0.0000000000000000       0.68944048888874498     
  -1.6450984822646557        0.0000000000000000       0.69056757424325577     
  -1.6480478271826615        0.0000000000000000       0.69168892149130135     
  -1.6509917607013245        0.0000000000000000       0.69280449785376319     
  -1.6539302192219816        0.0000000000000000       0.69391427060398347     
  -1.6568631384554717        0.0000000000000000       0.69501820707226325     
  -1.6597904534158423        0.0000000000000000       0.69611627465047810     
  -1.6627120984140629        0.0000000000000000       0.69720844079681188     
  -1.6656280070517482        0.0000000000000000       0.69829467304061188     
  -1.6685381122148932        0.0000000000000000       0.69937493898736680     
  -1.6714423460676231        0.0000000000000000       0.70044920632380947     
  -1.6743406400459615        0.0000000000000000       0.70151744282314632     
  -1.6772329248516189        0.0000000000000000       0.70257961635041632     
  -1.6801191304458063        0.0000000000000000       0.70363569486798017     
  -1.6829991860430757        0.0000000000000000       0.70468564644114340     
  -1.6858730201051919        0.0000000000000000       0.70572943924391374     
  -1.6887405603350383        0.0000000000000000       0.70676704156489600     
  -1.6916017336705618        0.0000000000000000       0.70779842181332620     
  -1.6944564662787587        0.0000000000000000       0.70882354852524632     
  -1.6973046835497068        0.0000000000000000       0.70984239036982300     
  -1.7001463100906475        0.0000000000000000       0.71085491615581098     
  -1.7029812697201225        0.0000000000000000       0.71186109483816384     
  -1.7058094854621679        0.0000000000000000       0.71286089552479404     
  -1.7086308795405720        0.0000000000000000       0.71385428748348434     
  -1.7114453733732002        0.0000000000000000       0.71484124014895201     
  -1.7142528875663929        0.0000000000000000       0.71582172313006853     
  -1.7170533419094394        0.0000000000000000       0.71679570621723609     
  -1.7198466553691347        0.0000000000000000       0.71776315938992341     
  -1.7226327460844235        0.0000000000000000       0.71872405282436180     
  -1.7254115313611373        0.0000000000000000       0.71967835690140436     
  -1.7281829276668288        0.0000000000000000       0.72062604221454929     
  -1.7309468506257111        0.0000000000000000       0.72156707957812993     
  -1.7337032150137059        0.0000000000000000       0.72250144003567218     
  -1.7364519347536083        0.0000000000000000       0.72342909486842177     
  -1.7391929229103715        0.0000000000000000       0.72435001560404311     
  -1.7419260916865225        0.0000000000000000       0.72526417402549037     
  -1.7446513524177090        0.0000000000000000       0.72617154218005342     
  -1.7473686155683907        0.0000000000000000       0.72707209238857951     
  -1.7500777907276766        0.0000000000000000       0.72796579725487198     
  -1.7527787866053175        0.0000000000000000       0.72885262967526798     
  -1.7554715110278623        0.0000000000000000       0.72973256284839549     
  -1.7581558709349812        0.0000000000000000       0.73060557028511164     
  -1.7608317723759686        0.0000000000000000       0.73147162581862324     
  -1.7634991205064290        0.0000000000000000       0.73233070361479025     
  -1.7661578195851562        0.0000000000000000       0.73318277818261335     
  -1.7688077729712128        0.0000000000000000       0.73402782438490655     
  -1.7714488831212190        0.0000000000000000       0.73486581744915491     
  -1.7740810515868581        0.0000000000000000       0.73569673297855931     
  -1.7767041790126090        0.0000000000000000       0.73652054696326685     
  -1.7793181651337115        0.0000000000000000       0.73733723579178945     
  -1.7819229087743773        0.0000000000000000       0.73814677626260883     
  -1.7845183078462517        0.0000000000000000       0.73894914559596958     
  -1.7871042593471385        0.0000000000000000       0.73974432144585922     
  -1.7896806593599963        0.0000000000000000       0.74053228191217590     
  -1.7922474030522155        0.0000000000000000       0.74131300555308288     
  -1.7948043846751860        0.0000000000000000       0.74208647139754946     
  -1.7973514975641662        0.0000000000000000       0.74285265895807784     
  -1.7998886341384632        0.0000000000000000       0.74361154824361486     
  -1.8024156859019331        0.0000000000000000       0.74436311977264813     
  -1.8049325434438148        0.0000000000000000       0.74510735458648458     
  -1.8074390964399050        0.0000000000000000       0.74584423426271074     
  -1.8099352336540859        0.0000000000000000       0.74657374092883322     
  -1.8124208429402187        0.0000000000000000       0.74729585727609682     
  -1.8148958112444102        0.0000000000000000       0.74801056657347920     
  -1.8173600246076671        0.0000000000000000       0.74871785268185953     
  -1.8198133681689472        0.0000000000000000       0.74941770006835817     
  -1.8222557261686192        0.0000000000000000       0.75011009382084604     
  -1.8246869819523441        0.0000000000000000       0.75079501966261886     
  -1.8271070179753874        0.0000000000000000       0.75147246396723488     
  -1.8295157158073767        0.0000000000000000       0.75214241377351188     
  -1.8319129561375131        0.0000000000000000       0.75280485680067899     
  -1.8342986187802524        0.0000000000000000       0.75345978146368087     
  -1.8366725826814632        0.0000000000000000       0.75410717688862872     
  -1.8390347259250794        0.0000000000000000       0.75474703292839440     
  -1.8413849257402546        0.0000000000000000       0.75537934017834163     
  -1.8437230585090314        0.0000000000000000       0.75600408999219082     
  -1.8460489997745411        0.0000000000000000       0.75662127449801031     
  -1.8483626242497411        0.0000000000000000       0.75723088661432914     
  -1.8506638058267051        0.0000000000000000       0.75783292006636505     
  -1.8529524175864773        0.0000000000000000       0.75842736940236122     
  -1.8552283318095031        0.0000000000000000       0.75901423001002488     
  -1.8574914199866472        0.0000000000000000       0.75959349813306010     
  -1.8597415528308121        0.0000000000000000       0.76016517088778823     
  -1.8619786002891687        0.0000000000000000       0.76072924627984739     
  -1.8642024315560097        0.0000000000000000       0.76128572322096266     
  -1.8664129150862387        0.0000000000000000       0.76183460154577864     
  -1.8686099186095055        0.0000000000000000       0.76237588202874518     
  -1.8707933091449991        0.0000000000000000       0.76290956640104712     
  -1.8729629530169096        0.0000000000000000       0.76343565736756736     
  -1.8751187158705698        0.0000000000000000       0.76395415862387439     
  -1.8772604626892864        0.0000000000000000       0.76446507487322224     
  -1.8793880578118727        0.0000000000000000       0.76496841184355302     
  -1.8815013649508912        0.0000000000000000       0.76546417630449004     
  -1.8836002472116165        0.0000000000000000       0.76595237608430944     
  -1.8856845671117277        0.0000000000000000       0.76643302008687886     
  -1.8877541866017404        0.0000000000000000       0.76690611830854971     
  -1.8898089670861851        0.0000000000000000       0.76737168185499049     
  -1.8918487694455410        0.0000000000000000       0.76782972295794760     
  -1.8938734540589339        0.0000000000000000       0.76828025499191965     
  -1.8958828808276043        0.0000000000000000       0.76872329249073090     
  -1.8978769091991521        0.0000000000000000       0.76915885116398963     
  -1.8998553981925661        0.0000000000000000       0.76958694791341564     
  -1.9018182064240412        0.0000000000000000       0.77000760084902231     
  -1.9037651921335914        0.0000000000000000       0.77042082930513633     
  -1.9056962132124597        0.0000000000000000       0.77082665385623983     
  -1.9076111272313327        0.0000000000000000       0.77122509633261771     
  -1.9095097914693580        0.0000000000000000       0.77161617983579311     
  -1.9113920629439718        0.0000000000000000       0.77199992875373469     
  -1.9132577984415344        0.0000000000000000       0.77237636877581639     
  -1.9151068545487766        0.0000000000000000       0.77274552690751319     
  -1.9169390876850563        0.0000000000000000       0.77310743148481376     
  -1.9187543541354237        0.0000000000000000       0.77346211218833161     
  -1.9205525100844956        0.0000000000000000       0.77380960005709587     
  -1.9223334116511326        0.0000000000000000       0.77414992750200207     
  -1.9240969149239191        0.0000000000000000       0.77448312831890442     
  -1.9258428759974393        0.0000000000000000       0.77480923770132870     
  -1.9275711510093447        0.0000000000000000       0.77512829225278723     
  -1.9292815961782055        0.0000000000000000       0.77544032999867452     
  -1.9309740678421392        0.0000000000000000       0.77574539039772428     
  -1.9326484224982070        0.0000000000000000       0.77604351435300734     
  -1.9343045168425683        0.0000000000000000       0.77633474422244919     
  -1.9359422078113828        0.0000000000000000       0.77661912382884757     
  -1.9375613526224467        0.0000000000000000       0.77689669846936871     
  -1.9391618088175504        0.0000000000000000       0.77716751492450209     
  -1.9407434343055441        0.0000000000000000       0.77743162146645250     
  -1.9423060874060938        0.0000000000000000       0.77768906786694880     
  -1.9438496268941112        0.0000000000000000       0.77793990540444957     
  -1.9453739120448403        0.0000000000000000       0.77818418687072399     
  -1.9468788026795791        0.0000000000000000       0.77842196657678819     
  -1.9483641592120176        0.0000000000000000       0.77865330035817715     
  -1.9498298426951683        0.0000000000000000       0.77887824557953134     
  -1.9512757148688680        0.0000000000000000       0.77909686113847898     
  -1.9527016382078222        0.0000000000000000       0.77930920746879473     
  -1.9541074759701709        0.0000000000000000       0.77951534654281418     
  -1.9554930922465450        0.0000000000000000       0.77971534187308744     
  -1.9568583520095859        0.0000000000000000       0.77990925851325188     
  -1.9582031211638982        0.0000000000000000       0.78009716305810672     
  -1.9595272665964039        0.0000000000000000       0.78027912364287189     
  -1.9608306562270674        0.0000000000000000       0.78045520994161444     
  -1.9621131590599548        0.0000000000000000       0.78062549316482599     
  -1.9633746452345942        0.0000000000000000       0.78079004605613567     
  -1.9646149860776008        0.0000000000000000       0.78094894288814309     
  -1.9658340541545289        0.0000000000000000       0.78110225945735778     
  -1.9670317233219128        0.0000000000000000       0.78125007307823113     
  -1.9682078687794557        0.0000000000000000       0.78139246257626727     
  -1.9693623671223282        0.0000000000000000       0.78152950828020273     
  -1.9704950963935313        0.0000000000000000       0.78166129201324197     
  -1.9716059361362839        0.0000000000000000       0.78178789708334007     
  -1.9726947674463904        0.0000000000000000       0.78190940827252209     
  -1.9737614730245414        0.0000000000000000       0.78202591182523251     
  -1.9748059372285061        0.0000000000000000       0.78213749543570565     
  -1.9758280461251647        0.0000000000000000       0.78224424823435312     
  -1.9768276875423401        0.0000000000000000       0.78234626077316161     
  -1.9778047511203736        0.0000000000000000       0.78244362501009801     
  -1.9787591283634032        0.0000000000000000       0.78253643429251984     
  -1.9796907126902907        0.0000000000000000       0.78262478333958785     
  -1.9805993994851496        0.0000000000000000       0.78270876822368229     
  -1.9814850861474251        0.0000000000000000       0.78278848635082365     
  -1.9823476721414734        0.0000000000000000       0.78286403644009916     
  -1.9831870590455924        0.0000000000000000       0.78293551850210019     
  -1.9840031506004514        0.0000000000000000       0.78300303381637471     
  -1.9847958527568696        0.0000000000000000       0.78306668490790154     
  -1.9855650737228934        0.0000000000000000       0.78312657552259424     
  -1.9863107240101194        0.0000000000000000       0.78318281060184325     
  -1.9870327164792172        0.0000000000000000       0.78323549625610744     
  -1.9877309663845955        0.0000000000000000       0.78328473973756685     
  -1.9884053914181683        0.0000000000000000       0.78333064941184949     
  -1.9890559117521662        0.0000000000000000       0.78337333472884751     
  -1.9896824500809482        0.0000000000000000       0.78341290619263859     
  -1.9902849316617628        0.0000000000000000       0.78344947533052978     
  -1.9908632843544127        0.0000000000000000       0.78348315466124308     
  -1.9914174386597765        0.0000000000000000       0.78351405766226268     
  -1.9919473277571400        0.0000000000000000       0.78354229873636561     
  -1.9924528875402949        0.0000000000000000       0.78356799317735859     
  -1.9929340566523597        0.0000000000000000       0.78359125713504518     
  -1.9933907765192802        0.0000000000000000       0.78361220757944883     
  -1.9938229913819709        0.0000000000000000       0.78363096226431828     
  -1.9942306483270544        0.0000000000000000       0.78364763968994355     
  -1.9946136973161634        0.0000000000000000       0.78366235906531134     
  -1.9949720912137674        0.0000000000000000       0.78367524026963009     
  -1.9953057858134882        0.0000000000000000       0.78368640381325561     
  -1.9956147398628741        0.0000000000000000       0.78369597079805053     
  -1.9958989150865971        0.0000000000000000       0.78370406287720973     
  -1.9961582762080472        0.0000000000000000       0.78371080221458667     
  -1.9963927909692931        0.0000000000000000       0.78371631144355558     
  -1.9966024301493865        0.0000000000000000       0.78372071362544538     
  -1.9967871675809836        0.0000000000000000       0.78372413220758186     
  -1.9969469801652635        0.0000000000000000       0.78372669098097614     
  -1.9970818478851249        0.0000000000000000       0.78372851403769617     
  -1.9971917538166419        0.0000000000000000       0.78372972572796151     
  -1.9972766841387659        0.0000000000000000       0.78373045061699886     
  -1.9973366281412590        0.0000000000000000       0.78373081344169948     
  -1.9973715782308503        0.0000000000000000       0.78373093906711644     
  -1.9973815299356055        0.0000000000000000       0.78373095244284374     
  -1.9973664819075050        0.0000000000000000       0.78373097855931684     
  -1.9973264359232263        0.0000000000000000       0.78373114240407460     
  -1.9972613968831314        0.0000000000000000       0.78373156891802453     
  -1.9971713728084570        0.0000000000000000       0.78373238295175052     
  -1.9970563748367161        0.0000000000000000       0.78373370922190477     
  -1.9969164172153118        0.0000000000000000       0.78373567226772356     
  -1.9967515172933765        0.0000000000000000       0.78373839640770726     
  -1.9965616955118439        0.0000000000000000       0.78374200569650421     
  -1.9963469753917675        0.0000000000000000       0.78374662388203820     
  -1.9961073835209024        0.0000000000000000       0.78375237436291867     
  -1.9958429495385661        0.0000000000000000       0.78375938014617141     
  -1.9955537061187987        0.0000000000000000       0.78376776380532864     
  -1.9952396889518444        0.0000000000000000       0.78377764743891565     
  -1.9949009367239787        0.0000000000000000       0.78378915262936943     
  -1.9945374910957057        0.0000000000000000       0.78380240040242677     
  -1.9941493966783548        0.0000000000000000       0.78381751118701604     
  -1.9937367010091074        0.0000000000000000       0.78383460477568612     
  -1.9932994545244829        0.0000000000000000       0.78385380028560714     
  -1.9928377105323192        0.0000000000000000       0.78387521612017352     
  -1.9923515251822828        0.0000000000000000       0.78389896993124231     
  -1.9918409574349454        0.0000000000000000       0.78392517858203470     
  -1.9913060690294642        0.0000000000000000       0.78395395811073187     
  -1.9907469244499068        0.0000000000000000       0.78398542369479118     
  -1.9901635908902620        0.0000000000000000       0.78401968961600998     
  -1.9895561382181779        0.0000000000000000       0.78405686922636231     
  -1.9889246389374731        0.0000000000000000       0.78409707491463243     
  -1.9882691681494624        0.0000000000000000       0.78414041807386803     
  -1.9875898035131463        0.0000000000000000       0.78418700906967409     
  -1.9868866252043087        0.0000000000000000       0.78423695720936792     
  -1.9861597158735720        0.0000000000000000       0.78429037071201391     
  -1.9854091606034554        0.0000000000000000       0.78434735667935518     
  -1.9846350468644887        0.0000000000000000       0.78440802106765806     
  -1.9838374644704275        0.0000000000000000       0.78447246866048415     
  -1.9830165055326234        0.0000000000000000       0.78454080304240315     
  -1.9821722644135953        0.0000000000000000       0.78461312657365778     
  -1.9813048376798561        0.0000000000000000       0.78468954036579119     
  -1.9804143240540428        0.0000000000000000       0.78477014425824676     
  -1.9795008243664027        0.0000000000000000       0.78485503679594637     
  -1.9785644415056851        0.0000000000000000       0.78494431520785479     
  -1.9776052803694888        0.0000000000000000       0.78503807538653381     
  -1.9766234478141180        0.0000000000000000       0.78513641186869110     
  -1.9756190526039952        0.0000000000000000       0.78523941781672435     
  -1.9745922053606799        0.0000000000000000       0.78534718500126310     
  -1.9735430185115461        0.0000000000000000       0.78545980378470714     
  -1.9724716062381633        0.0000000000000000       0.78557736310576010     
  -1.9713780844244324        0.0000000000000000       0.78569995046495567     
  -1.9702625706045238        0.0000000000000000       0.78582765191117188     
  -1.9691251839106632        0.0000000000000000       0.78596055202912951     
  -1.9679660450208132        0.0000000000000000       0.78609873392786689     
  -1.9667852761062954        0.0000000000000000       0.78624227923018530     
  -1.9655830007793977        0.0000000000000000       0.78639126806305570     
  -1.9643593440410105        0.0000000000000000       0.78654577904897793     
  -1.9631144322283345        0.0000000000000000       0.78670588929828200     
  -1.9618483929627015        0.0000000000000000       0.78687167440235994     
  -1.9605613550975507        0.0000000000000000       0.78704320842781705     
  -1.9592534486665965        0.0000000000000000       0.78722056391152873     
  -1.9579248048322291        0.0000000000000000       0.78740381185658970     
  -1.9565755558341851        0.0000000000000000       0.78759302172914114     
  -1.9552058349385220        0.0000000000000000       0.78778826145606051     
  -1.9538157763869339        0.0000000000000000       0.78798959742349850     
  -1.9524055153464404        0.0000000000000000       0.78819709447624620     
  -1.9509751878594805        0.0000000000000000       0.78841081591791617     
  -1.9495249307944464        0.0000000000000000       0.78863082351191971     
  -1.9480548817966805        0.0000000000000000       0.78885717748322171     
  -1.9465651792399705        0.0000000000000000       0.78908993652085568     
  -1.9450559621785659        0.0000000000000000       0.78932915778117962     
  -1.9435273702997431        0.0000000000000000       0.78957489689185301     
  -1.9419795438769429        0.0000000000000000       0.78982720795651662     
  -1.9404126237235058        0.0000000000000000       0.79008614356015450     
  -1.9388267511470230        0.0000000000000000       0.79035175477511777     
  -1.9372220679043293        0.0000000000000000       0.79062409116779120     
  -1.9355987161571513        0.0000000000000000       0.79090320080588117     
  -1.9339568384284349        0.0000000000000000       0.79118913026630489     
  -1.9322965775593637        0.0000000000000000       0.79148192464366018     
  -1.9306180766670880        0.0000000000000000       0.79178162755925496     
  -1.9289214791031764        0.0000000000000000       0.79208828117067631     
  -1.9272069284128044        0.0000000000000000       0.79240192618187755     
  -1.9254745682946919        0.0000000000000000       0.79272260185376375     
  -1.9237245425617995        0.0000000000000000       0.79305034601525393     
  -1.9219569951027944        0.0000000000000000       0.79338519507480054     
  -1.9201720698442952        0.0000000000000000       0.79372718403234477     
  -1.9183699107139005        0.0000000000000000       0.79407634649168868     
  -1.9165506616040111        0.0000000000000000       0.79443271467326282     
  -1.9147144663364486        0.0000000000000000       0.79479631942727047     
  -1.9128614686278762        0.0000000000000000       0.79516719024718840     
  -1.9109918120560256        0.0000000000000000       0.79554535528360504     
  -1.9091056400267310        0.0000000000000000       0.79593084135837622     
  -1.9072030957417729        0.0000000000000000       0.79632367397908044     
  -1.9052843221675329        0.0000000000000000       0.79672387735375483     
  -1.9033494620044578        0.0000000000000000       0.79713147440589283     
  -1.9013986576573343        0.0000000000000000       0.79754648678968709     
  -1.8994320512063705        0.0000000000000000       0.79796893490549825     
  -1.8974497843790830        0.0000000000000000       0.79839883791553357     
  -1.8954519985229863        0.0000000000000000       0.79883621375971803     
  -1.8934388345790802        0.0000000000000000       0.79928107917174129     
  -1.8914104330561312        0.0000000000000000       0.79973344969526416     
  -1.8893669340057424        0.0000000000000000       0.80019333970026962     
  -1.8873084769982063        0.0000000000000000       0.80066076239954165     
  -1.8852352010991344        0.0000000000000000       0.80113572986525794     
  -1.8831472448468567        0.0000000000000000       0.80161825304568135     
  -1.8810447462305826        0.0000000000000000       0.80210834178193602     
  -1.8789278426693179        0.0000000000000000       0.80260600482485422     
  -1.8767966709915271        0.0000000000000000       0.80311124985188054     
  -1.8746513674155345        0.0000000000000000       0.80362408348402070     
  -1.8724920675306524        0.0000000000000000       0.80414451130282183     
  -1.8703189062790297        0.0000000000000000       0.80467253786737247     
  -1.8681320179382095        0.0000000000000000       0.80520816673131057     
  -1.8659315361043858        0.0000000000000000       0.80575140045982752     
  -1.8637175936763504        0.0000000000000000       0.80630224064665823     
  -1.8614903228401158        0.0000000000000000       0.80686068793104526     
  -1.8592498550542087        0.0000000000000000       0.80742674201466869     
  -1.8569963210356168        0.0000000000000000       0.80800040167853004     
  -1.8547298507463832        0.0000000000000000       0.80858166479978244     
  -1.8524505733808330        0.0000000000000000       0.80917052836849701     
  -1.8501586173534228        0.0000000000000000       0.80976698850435724     
  -1.8478541102872006        0.0000000000000000       0.81037104047327335     
  -1.8455371790028634        0.0000000000000000       0.81098267870390817     
  -1.8432079495084028        0.0000000000000000       0.81160189680410744     
  -1.8408665469893246        0.0000000000000000       0.81222868757722766     
  -1.8385130957994307        0.0000000000000000       0.81286304303835366     
  -1.8361477194521523        0.0000000000000000       0.81350495443040105     
  -1.8337705406124212        0.0000000000000000       0.81415441224009555     
  -1.8313816810890671        0.0000000000000000       0.81481140621382520     
  -1.8289812618277301        0.0000000000000000       0.81547592537335856     
  -1.8265694029042743        0.0000000000000000       0.81614795803142492     
  -1.8241462235186918        0.0000000000000000       0.81682749180715053     
  -1.8217118419894855        0.0000000000000000       0.81751451364134720     
  -1.8192663757485172        0.0000000000000000       0.81820900981164923     
  -1.8168099413363097        0.0000000000000000       0.81891096594749324     
  -1.8143426543977921        0.0000000000000000       0.81962036704493890     
  -1.8118646296784759        0.0000000000000000       0.82033719748132627     
  -1.8093759810210497        0.0000000000000000       0.82106144102976697     
  -1.8068768213623805        0.0000000000000000       0.82179308087346559     
  -1.8043672627309135        0.0000000000000000       0.82253209961986962     
  -1.8018474162444551        0.0000000000000000       0.82327847931464493     
  -1.7993173921083292        0.0000000000000000       0.82403220145547473     
  -1.7967772996138978        0.0000000000000000       0.82479324700568013     
  -1.7942272471374321        0.0000000000000000       0.82556159640766025     
  -1.7916673421393252        0.0000000000000000       0.82633722959615086     
  -1.7890976911636347        0.0000000000000000       0.82712012601129969     
  -1.7865183998379461        0.0000000000000000       0.82791026461155759     
  -1.7839295728735454        0.0000000000000000       0.82870762388638441     
  -1.7813313140658906        0.0000000000000000       0.82951218186876907     
  -1.7787237262953752        0.0000000000000000       0.83032391614756262     
  -1.7761069115283687        0.0000000000000000       0.83114280387962469     
  -1.7734809708185288        0.0000000000000000       0.83196882180178211     
  -1.7708460043083749        0.0000000000000000       0.83280194624260051     
  -1.7682021112311117        0.0000000000000000       0.83364215313396806     
  -1.7655493899126962        0.0000000000000000       0.83448941802249166     
  -1.7628879377741378        0.0000000000000000       0.83534371608070679     
  -1.7602178513340241        0.0000000000000000       0.83620502211809977     
  -1.7575392262112612        0.0000000000000000       0.83707331059194423     
  -1.7548521571280231        0.0000000000000000       0.83794855561795234     
  -1.7521567379129004        0.0000000000000000       0.83883073098074035     
  -1.7494530615042407        0.0000000000000000       0.83971981014411101     
  -1.7467412199536723        0.0000000000000000       0.84061576626115231     
  -1.7440213044298041        0.0000000000000000       0.84151857218415460     
  -1.7412934052220950        0.0000000000000000       0.84242820047434663     
  -1.7385576117448829        0.0000000000000000       0.84334462341145144     
  -1.7358140125415693        0.0000000000000000       0.84426781300306464     
  -1.7330626952889503        0.0000000000000000       0.84519774099385492     
  -1.7303037468016877        0.0000000000000000       0.84613437887458898     
  -1.7275372530369151        0.0000000000000000       0.84707769789098220     
  -1.7247632990989690        0.0000000000000000       0.84802766905237703     
  -1.7219819692442440        0.0000000000000000       0.84898426314024966     
  -1.7191933468861595        0.0000000000000000       0.84994745071654743     
  -1.7163975146002386        0.0000000000000000       0.85091720213185873     
  -1.7135945541292865        0.0000000000000000       0.85189348753341654     
  -1.7107845463886702        0.0000000000000000       0.85287627687293788     
  -1.7079675714716871        0.0000000000000000       0.85386553991430048     
  -1.7051437086550221        0.0000000000000000       0.85486124624105930     
  -1.7023130364042851        0.0000000000000000       0.85586336526380380     
  -1.6994756323796261        0.0000000000000000       0.85687186622735900     
  -1.6966315734414203        0.0000000000000000       0.85788671821783080     
  -1.6937809356560225        0.0000000000000000       0.85890789016949920     
  -1.6909237943015807        0.0000000000000000       0.85993535087155959     
  -1.6880602238739102        0.0000000000000000       0.86096906897471592     
  -1.6851902980924200        0.0000000000000000       0.86200901299762633     
  -1.6823140899060891        0.0000000000000000       0.86305515133320376     
  -1.6794316714994872        0.0000000000000000       0.86410745225477403     
  -1.6765431142988383        0.0000000000000000       0.86516588392209237     
  -1.6736484889781202        0.0000000000000000       0.86623041438722137     
  -1.6707478654651997        0.0000000000000000       0.86730101160027195     
  -1.6678413129479974        0.0000000000000000       0.86837764341500978     
  -1.6649288998806793        0.0000000000000000       0.86946027759432853     
  -1.6620106939898729        0.0000000000000000       0.87054888181559231     
  -1.6590867622809031        0.0000000000000000       0.87164342367584979     
  -1.6561571710440464        0.0000000000000000       0.87274387069692161     
  -1.6532219858607988        0.0000000000000000       0.87385019033036249     
  -1.6502812716101565        0.0000000000000000       0.87496234996230149     
  -1.6473350924749042        0.0000000000000000       0.87608031691816146     
  -1.6443835119479109        0.0000000000000000       0.87720405846725946     
  -1.6414265928384284        0.0000000000000000       0.87833354182729095     
  -1.6384643972783923        0.0000000000000000       0.87946873416869920     
  -1.6354969867287206        0.0000000000000000       0.88060960261893217     
  -1.6325244219856101        0.0000000000000000       0.88175611426658829     
  -1.6295467631868268        0.0000000000000000       0.88290823616545389     
  -1.6265640698179886        0.0000000000000000       0.88406593533843358     
  -1.6235764007188389        0.0000000000000000       0.88522917878137553     
  -1.6205838140895077        0.0000000000000000       0.88639793346679396     
  -1.6175863674967610        0.0000000000000000       0.88757216634749014     
  -1.6145841178802334        0.0000000000000000       0.88875184436007437     
  -1.6115771215586447        0.0000000000000000       0.88993693442839017     
  -1.6085654342359985        0.0000000000000000       0.89112740346684316     
  -1.6055491110077598        0.0000000000000000       0.89232321838363560     
  -1.6025282063670121        0.0000000000000000       0.89352434608390896     
  -1.5995027742105912        0.0000000000000000       0.89473075347279662     
  -1.5964728678451949        0.0000000000000000       0.89594240745838727     
  -1.5934385399934679        0.0000000000000000       0.89715927495460179     
  -1.5903998428000585        0.0000000000000000       0.89838132288398487     
  -1.5873568278376500        0.0000000000000000       0.89960851818041310     
  -1.5843095461129602        0.0000000000000000       0.90084082779172125     
  -1.5812580480727139        0.0000000000000000       0.90207821868224813     
  -1.5782023836095822        0.0000000000000000       0.90332065783530413     
  -1.5751426020680916        0.0000000000000000       0.90456811225556122     
