  1.99999995529651642E-002  9.90925363111850839E-004
  3.99999991059303284E-002  3.96879636188761202E-003
  5.99999986588954926E-002  8.94880416920165039E-003
  7.99999982118606567E-002  1.59561592598486054E-002
  9.99999940395355225E-002  2.50256532400065096E-002
  0.11999999731779099       3.62013537436118027E-002
  0.14000000059604645       4.95366155074035697E-002
  0.15999999642372131       6.50924531448279914E-002
  0.17999999225139618       8.29376875997251406E-002
  0.19999998807907104       0.10314802847528008     
  0.21999999880790710       0.12580483328857384     
  0.23999999463558197       0.15099526302537614     
  0.25999999046325684       0.17880931887191415     
  0.28000000119209290       0.20934191462433263     
  0.29999998211860657       0.24268635002537112     
  0.31999999284744263       0.27894180881939151     
  0.34000000357627869       0.31820257341306141     
  0.35999998450279236       0.36056086564003392     
  0.37999999523162842       0.40611015149392182     
  0.39999997615814209       0.45493601144122459     
  0.41999998688697815       0.50711905641152810     
  0.43999999761581421       0.56273330879717187     
  0.45999997854232788       0.62184454342591988     
  0.47999998927116394       0.68450924064028573     
  0.50000000000000000       0.75077551603317261     
  0.51999998092651367       0.82067666327574007     
  0.53999996185302734       0.89423005239625897     
  0.56000000238418579       0.97144968173375879     
  0.57999998331069946        1.0523226680734323     
  0.59999996423721313        1.1368278483357490     
  0.62000000476837158        1.2249250147408055     
  0.63999998569488525        1.3165578513015257     
  0.65999996662139893        1.4116488838955425     
  0.68000000715255737        1.5101078255760207     
  0.69999998807907104        1.6118235182141045     
  0.71999996900558472        1.7166581300963486     
  0.74000000953674316        1.8244665621851979     
  0.75999999046325684        1.9350772257584707     
  0.77999997138977051        2.0482983489404485     
  0.79999995231628418        2.1639270491686768     
  0.81999999284744263        2.2817293032274710     
  0.83999997377395630        2.4014632438290864     
  0.85999995470046997        2.5228696829899646     
  0.87999999523162842        2.6456597277981611     
  0.89999997615814209        2.7695400272718991     
  0.91999995708465576        2.8942034805978571     
  0.93999999761581421        3.0193225375554786     
  0.95999997854232788        3.1445541563024704     
  0.97999995946884155        3.2695533096468705     
   1.0000000000000000        3.3939466476440430     
   1.0199999809265137        3.5173958559636151     
   1.0399999618530273        3.6394860092540000     
   1.0599999427795410        3.7598603563837023     
   1.0799999237060547        3.8781145994800976     
   1.1000000238418579        3.9938756719015096     
   1.1200000047683716        4.1067476362871069     
   1.1399999856948853        4.2163385067403043     
   1.1599999666213989        4.3222721297962403     
   1.1799999475479126        4.4241647145059950     
   1.1999999284744263        4.5216439006752607     
   1.2200000286102295        4.6143548372607004     
   1.2400000095367432        4.7019249185919740     
   1.2599999904632568        4.7840284695272821     
   1.2799999713897705        4.8603431421007226     
   1.2999999523162842        4.9305609709988198     
   1.3199999332427979        4.9943749804434994     
   1.3399999141693115        5.0515315320358258     
   1.3600000143051147        5.1017616109264923     
   1.3799999952316284        5.1448608563598626     
   1.3999999761581421        5.1806048440727173     
   1.4199999570846558        5.2088266176825400     
   1.4399999380111694        5.2293623183295823     
   1.4599999189376831        5.2421071846176206     
   1.4800000190734863        5.2469512445540341     
   1.5000000000000000        5.2438237667083740     
   1.5199999809265137        5.2326936568236659     
   1.5399999618530273        5.2135589931161466     
   1.5599999427795410        5.1864271997871780     
   1.5799999237060547        5.1513742885034626     
   1.5999999046325684        5.1084619154378927     
   1.6200000047683716        5.0578290129863417     
   1.6399999856948853        4.9995959033431783     
   1.6599999666213989        4.9339519845407276     
   1.6799999475479126        4.8610977593553759     
   1.6999999284744263        4.7812830966682940     
   1.7199999094009399        4.6947451120323125     
   1.7400000095367432        4.6017884968224720     
   1.7599999904632568        4.5027161438300807     
   1.7799999713897705        4.3978678915093026     
   1.7999999523162842        4.2876192443837366     
   1.8199999332427979        4.1723375744828584     
   1.8399999141693115        4.0524192325283588     
   1.8600000143051147        3.9282800214379829     
   1.8799999952316284        3.8003877012111396     
   1.8999999761581421        3.6691590783054164     
   1.9199999570846558        3.5350600958767435     
   1.9399999380111694        3.3985673618420975     
   1.9599999189376831        3.2601606655415964     
   1.9799998998641968        3.1203233403983979     
   2.0000000000000000        2.9795312881469727     
   2.0199999809265137        2.8382895954334688     
   2.0399999618530273        2.6970768766711011     
   2.0599999427795410        2.5563781594131099     
   2.0799999237060547        2.4166642361667070     
   2.0999999046325684        2.2784185003116102     
   2.1199998855590820        2.1420903746120294     
   2.1399998664855957        2.0081360017807093     
   2.1599998474121094        1.8769842421800909     
   2.1800000667572021        1.7490545442815768     
   2.2000000476837158        1.6247534776710781     
   2.2200000286102295        1.5044509264214849     
   2.2400000095367432        1.3885105953191910     
   2.2599999904632568        1.2772698797909992     
   2.2799999713897705        1.1710384421188338     
   2.2999999523162842        1.0701011990357490     
   2.3199999332427979       0.97471863592221208     
   2.3399999141693115       0.88512432179547307     
   2.3599998950958252       0.80151528688189344     
   2.3799998760223389       0.72406649558572067     
   2.3999998569488525       0.65291804636501016     
   2.4199998378753662       0.58818442214728439     
   2.4400000572204590       0.52994415670664452     
   2.4600000381469727       0.47824925888449771     
   2.4800000190734863       0.43311408880778413     
   2.5000000000000000       0.39453106001019478     
   2.5199999809265137       0.36245499703573802     
   2.5399999618530273       0.33681309874757592     
   2.5599999427795410       0.31750523482984699     
   2.5799999237060547       0.30439796230862726     
   2.5999999046325684       0.29733652496620022     
   2.6199998855590820       0.29613869094339840     
   2.6399998664855957       0.30059138631257343     
   2.6599998474121094       0.31046158764480053     
   2.6799998283386230       0.32549514566232424     
   2.7000000476837158       0.34541846452310193     
   2.7200000286102295       0.36993451047927850     
   2.7400000095367432       0.39872950387698108     
   2.7599999904632568       0.43147981090386839     
   2.7799999713897705       0.46783706262974456     
   2.7999999523162842       0.50745517194423728     
   2.8199999332427979       0.54996567590521672     
   2.8399999141693115       0.59500391557310339     
   2.8599998950958252       0.64219199960588236     
   2.8799998760223389       0.69114984283878711     
   2.8999998569488525       0.74149715275730355     
   2.9199998378753662       0.79285513984560319     
   2.9399998188018799       0.84484231410282518     
   2.9600000381469727       0.89709429564074639     
   2.9800000190734863       0.94923715346831150     
   3.0000000000000000        1.0009217485785484     
   3.0199999809265137        1.0517900380673466     
   3.0399999618530273        1.1015162603499693     
   3.0599999427795410        1.1497758777065263     
   3.0799999237060547        1.1962678111612466     
   3.0999999046325684        1.2406949802805509     
   3.1199998855590820        1.2827950621828568     
   3.1399998664855957        1.3223124583416268     
   3.1599998474121094        1.3590185438898650     
   3.1799998283386230        1.3927023689609224     
   3.1999998092651367        1.4231814404509582     
   3.2200000286102295        1.4502859469344247     
   3.2400000095367432        1.4738812714796377     
   3.2599999904632568        1.4938512494900402     
   3.2799999713897705        1.5101087700615490     
   3.2999999523162842        1.5225755987633176     
   3.3199999332427979        1.5312228135636914     
   3.3399999141693115        1.5360288667035085     
   3.3599998950958252        1.5369978860504427     
   3.3799998760223389        1.5341671831425507     
   3.3999998569488525        1.5275881763341899     
   3.4199998378753662        1.5173307912986165     
   3.4399998188018799        1.5035085940501549     
   3.4600000381469727        1.4862323462796241     
   3.4800000190734863        1.4656400144304627     
   3.5000000000000000        1.4418968670070171     
   3.5199999809265137        1.4151706465897707     
   3.5399999618530273        1.3856661155532703     
   3.5599999427795410        1.3535820451246623     
   3.5799999237060547        1.3191379731867181     
   3.5999999046325684        1.2825750875433213     
   3.6199998855590820        1.2441282306946340     
   3.6399998664855957        1.2040520765000384     
   3.6599998474121094        1.1626071596277048     
   3.6799998283386230        1.1200564564030189     
   3.6999998092651367        1.0766657264625514     
   3.7200000286102295        1.0327085609498878     
   3.7400000095367432       0.98845296088299250     
   3.7599999904632568       0.94416571095260804     
   3.7799999713897705       0.90011522721644077     
   3.7999999523162842       0.85656312089215736     
   3.8199999332427979       0.81376172655942058     
   3.8399999141693115       0.77195996915280840     
   3.8599998950958252       0.73139248727891792     
   3.8799998760223389       0.69229115225372650     
   3.8999998569488525       0.65486941674392385     
   3.9199998378753662       0.61932958873046340     
   3.9399998188018799       0.58586037246472478     
   3.9599997997283936       0.55463493915207651     
   3.9800000190734863       0.52580916207744044     
   4.0000000000000000       0.49952888488769531     
   4.0199999809265137       0.47590871415039526     
   4.0399999618530273       0.45505924077766019     
   4.0599999427795410       0.43706619612625791     
   4.0799999237060547       0.42199386358377511     
   4.0999999046325684       0.40989303837096519     
   4.1199998855590820       0.40079176511743630     
   4.1399998664855957       0.39470002582281682     
   4.1599998474121094       0.39160755984910955     
   4.1799998283386230       0.39149028361321103     
   4.1999998092651367       0.39429526935035419     
   4.2199997901916504       0.39996247082584979     
   4.2399997711181641       0.40841027153956527     
   4.2599997520446777       0.41953938786866291     
   4.2799997329711914       0.43323648416027760     
   4.2999997138977051       0.44937164797643242     
   4.3199996948242188       0.46780398287362945     
   4.3399996757507324       0.48837409994833203     
   4.3600001335144043       0.51091752731677609     
   4.3800001144409180       0.53525442018295111     
   4.4000000953674316       0.56119537163627597     
   4.4200000762939453       0.58854949126418443     
   4.4400000572204590       0.61710959210742689     
   4.4600000381469727       0.64667046763101355     
   4.4800000190734863       0.67701774410705684     
   4.5000000000000000       0.70793679077178240     
   4.5199999809265137       0.73921259953574714     
   4.5399999618530273       0.77063026341079421     
   4.5599999427795410       0.80197252804799979     
   4.5799999237060547       0.83302837934804785     
   4.5999999046325684       0.86359230275393239     
   4.6199998855590820       0.89345982681715563     
   4.6399998664855957       0.92243581031395694     
   4.6599998474121094       0.95033425082450385     
   4.6799998283386230       0.97697398077073205     
   4.6999998092651367        1.0021880275573340     
   4.7199997901916504        1.0258152628642532     
   4.7399997711181641        1.0477136937074929     
   4.7599997520446777        1.0677533960625285     
   4.7799997329711914        1.0858053107579209     
   4.7999997138977051        1.1017659304420913     
   4.8199996948242188        1.1155520615133792     
   4.8399996757507324        1.1270775661470827     
   4.8599996566772461        1.1362898917330397     
   4.8800001144409180        1.1431402345371338     
   4.9000000953674316        1.1475990835995937     
   4.9200000762939453        1.1496535177048257     
   4.9400000572204590        1.1493075870868230     
   4.9600000381469727        1.1465784422809606     
   4.9800000190734863        1.1414983917160981     
   5.0000000000000000        1.1341174133121967     
   5.0199999809265137        1.1244982562311097     
   5.0399999618530273        1.1127163945558880     
   5.0599999427795410        1.0988658767008201     
   5.0799999237060547        1.0830457297213771     
   5.0999999046325684        1.0653734090346332     
   5.1199998855590820        1.0459754415225024     
   5.1399998664855957        1.0249893194361961     
   5.1599998474121094        1.0025552582154538     
   5.1799998283386230       0.97883354876144368     
   5.1999998092651367       0.95398222183394255     
   5.2199997901916504       0.92816674877819305     
   5.2399997711181641       0.90155904767101569     
   5.2599997520446777       0.87433953082347993     
   5.2799997329711914       0.84668106756256678     
   5.2999997138977051       0.81876444060831399     
   5.3199996948242188       0.79077053196819047     
   5.3399996757507324       0.76287762090473898     
   5.3599996566772461       0.73526241774167733     
   5.3800001144409180       0.70809534698240928     
   5.4000000953674316       0.68155068457912660     
   5.4200000762939453       0.65578923805925038     
   5.4400000572204590       0.63096958438725137     
   5.4600000381469727       0.60724195056748898     
   5.4800000190734863       0.58474460296877262     
   5.5000000000000000       0.56361524853855371     
   5.5199999809265137       0.54397406333270926     
   5.5399999618530273       0.52593273968457299     
   5.5599999427795410       0.50959156949972695     
   5.5799999237060547       0.49503908142955849     
   5.5999999046325684       0.48235442306809984     
   5.6199998855590820       0.47159974186379539     
   5.6399998664855957       0.46282549461368033     
   5.6599998474121094       0.45606899248430871     
   5.6799998283386230       0.45135343905624448     
   5.6999998092651367       0.44869081602174210     
   5.7199997901916504       0.44807789812204118     
   5.7399997711181641       0.44949775893204569     
   5.7599997520446777       0.45292141791463686     
   5.7799997329711914       0.45830652138713307     
   5.7999997138977051       0.46559920776504149     
   5.8199996948242188       0.47472912326717059     
   5.8399996757507324       0.48562304656967736     
   5.8599996566772461       0.49818880407812216     
   5.8799996376037598       0.51232608963522963     
   5.9000000953674316       0.52792998447588979     
   5.9200000762939453       0.54487820584911129     
   5.9400000572204590       0.56304768080682799     
   5.9600000381469727       0.58230560548954735     
   5.9800000190734863       0.60251399494830382     
   6.0000000000000000       0.62352789938449860     
   6.0199999809265137       0.64519864796519000     
   6.0399999618530273       0.66737695464903835     
   6.0599999427795410       0.68990513568989587     
   6.0799999237060547       0.71263566326754524     
   6.0999999046325684       0.73540755595042828     
   6.1199998855590820       0.75807135868354858     
   6.1399998664855957       0.78047045391119707     
   6.1599998474121094       0.80245944056634311     
   6.1799998283386230       0.82388965710492801     
   6.1999998092651367       0.84462298307604033     
   6.2199997901916504       0.86452499013779838     
   6.2399997711181641       0.88346572164639914     
   6.2599997520446777       0.90132064275017754     
   6.2799997329711914       0.91798256636064224     
   6.2999997138977051       0.93334238743119746     
   6.3199996948242188       0.94730708220735738     
   6.3399996757507324       0.95978806997947508     
   6.3599996566772461       0.97071533710199720     
   6.3799996376037598       0.98001933638906458     
   6.3999996185302734       0.98764888433826292     
   6.4200000762939453       0.99356392818912731     
   6.4400000572204590       0.99772874972578873     
   6.4600000381469727        1.0001311986464805     
   6.4800000190734863        1.0007594424152635     
   6.5000000000000000       0.99962187511846423     
   6.5199999809265137       0.99673427411979754     
   6.5399999618530273       0.99212447115616387     
   6.5599999427795410       0.98582965456631710     
   6.5799999237060547       0.97790227276918495     
   6.5999999046325684       0.96840430024091195     
   6.6199998855590820       0.95740332347441970     
   6.6399998664855957       0.94497783996013229     
   6.6599998474121094       0.93122158877288708     
   6.6799998283386230       0.91622733384726252     
   6.6999998092651367       0.90010374910455149     
   6.7199997901916504       0.88295733126384246     
   6.7399997711181641       0.86490851591102547     
   6.7599997520446777       0.84608079319713925     
   6.7799997329711914       0.82659893110894600     
   6.7999997138977051       0.80659419752828532     
   6.8199996948242188       0.78619902462727420     
   6.8399996757507324       0.76555228775616380     
   6.8599996566772461       0.74478452220756064     
   6.8799996376037598       0.72403449115222873     
   6.8999996185302734       0.70343441544566021     
   6.9200000762939453       0.68312207216862886     
   6.9400000572204590       0.66322346237475882     
   6.9600000381469727       0.64386692676021495     
   6.9800000190734863       0.62517540802122196     
   7.0000000000000000       0.60726437345147133     
   7.0199999809265137       0.59024746505436387     
   7.0399999618530273       0.57422914874522091     
   7.0599999427795410       0.55930742046944681     
   7.0799999237060547       0.54557002983282432     
   7.0999999046325684       0.53310076894487302     
   7.1199998855590820       0.52197200743478545     
   7.1399998664855957       0.51224747185497355     
   7.1599998474121094       0.50397739284121512     
   7.1799998283386230       0.49721078038503952     
   7.1999998092651367       0.49198026255871019     
   7.2199997901916504       0.48830680968341372     
   7.2399997711181641       0.48620467628520420     
   7.2599997520446777       0.48567743407739439     
   7.2799997329711914       0.48671585262209605     
   7.2999997138977051       0.48930261589413931     
   7.3199996948242188       0.49340951770340663     
   7.3399996757507324       0.49899682814508839     
   7.3599996566772461       0.50601996145061856     
   7.3799996376037598       0.51442110093325988     
   7.3999996185302734       0.52413325270361066     
   7.4199995994567871       0.53508279840012452     
   7.4400000572204590       0.54719019555511306     
   7.4600000381469727       0.56036387398642151     
   7.4800000190734863       0.57450855597292261     
   7.5000000000000000       0.58952649123966694     
   7.5199999809265137       0.60530860636737194     
   7.5399999618530273       0.62174356774178263     
   7.5599999427795410       0.63871899565074741     
   7.5799999237060547       0.65611688471565066     
   7.5999999046325684       0.67381721668168792     
   7.6199998855590820       0.69169849940218153     
   7.6399998664855957       0.70964076924178354     
   7.6599998474121094       0.72752196631246713     
   7.6799998283386230       0.74522496058233145     
   7.6999998092651367       0.76262503000191284     
   7.7199997901916504       0.77961457640267062     
   7.7399997711181641       0.79607549917522635     
   7.7599997520446777       0.81190341693196133     
   7.7799997329711914       0.82699177539736313     
   7.7999997138977051       0.84124888566831946     
   7.8199996948242188       0.85457658925733460     
   7.8399996757507324       0.86689405334969039     
   7.8599996566772461       0.87812156254318674     
   7.8799996376037598       0.88818763011071944     
   7.8999996185302734       0.89703580179325038     
   7.9199995994567871       0.90460449662884856     
   7.9400000572204590       0.91085553865215219     
   7.9600000381469727       0.91574895144290402     
   7.9800000190734863       0.91925936155468591     
   8.0000000000000000       0.92137098312377930     
   8.0199995040893555       0.92207079567874239     
   8.0399999618530273       0.92136596122472714     
   8.0599994659423828       0.91926350767817810     
   8.0799999237060547       0.91578425926867291     
   8.0999994277954102       0.91095828944280643     
   8.1199998855590820       0.90481995320199970     
   8.1399993896484375       0.89741956296748426     
   8.1599998474121094       0.88881067115753043     
   8.1799993515014648       0.87905234175572022     
   8.1999998092651367       0.86821608848082465     
   8.2200002670288086       0.85637832622964183     
   8.2399997711181641       0.84362117288781835     
   8.2600002288818359       0.83003281617832825     
   8.2799997329711914       0.81570560551607829     
   8.3000001907348633       0.80073723581237610     
   8.3199996948242188       0.78523162612682718     
   8.3400001525878906       0.76928978540555015     
   8.3599996566772461       0.75302079357770013     
   8.3800001144409180       0.73653273902039262     
   8.3999996185302734       0.71993446859460630     
   8.4200000762939453       0.70333423514979088     
   8.4399995803833008       0.68684553670121962     
   8.4600000381469727       0.67057131385475977     
   8.4799995422363281       0.65461926533427495     
   8.5000000000000000       0.63909260299988091     
   8.5199995040893555       0.62409296189630681     
   8.5399999618530273       0.60971091133220534     
   8.5599994659423828       0.59604594463722504     
   8.5799999237060547       0.58317767933596765     
   8.5999994277954102       0.57118886380121270     
   8.6199998855590820       0.56015247647613808     
   8.6399993896484375       0.55013808398061081     
   8.6599998474121094       0.54120367677542591     
   8.6799993515014648       0.53340494841786312     
   8.6999998092651367       0.52678414807073703     
   8.7200002670288086       0.52138158911952470     
   8.7399997711181641       0.51722500894042278     
   8.7600002288818359       0.51433299934921051     
   8.7799997329711914       0.51272099305105168     
   8.8000001907348633       0.51238962338250793     
   8.8199996948242188       0.51333427660938580     
   8.8400001525878906       0.51554453096663477     
   8.8599996566772461       0.51899355345427611     
   8.8800001144409180       0.52365611437832615     
   8.8999996185302734       0.52949135525431001     
   8.9200000762939453       0.53645524960817392     
   8.9399995803833008       0.54449408719496906     
   8.9600000381469727       0.55355069288484271     
   8.9799995422363281       0.56355584830788352     
   9.0000000000000000       0.57444007974117994     
   9.0199995040893555       0.58612275006819659     
   9.0399999618530273       0.59852548327166011     
   9.0599994659423828       0.61155828864680972     
   9.0799999237060547       0.62513362520714821     
   9.0999994277954102       0.63915326653814863     
   9.1199998855590820       0.65352459838579557     
   9.1399993896484375       0.66814822269298024     
   9.1599998474121094       0.68292268214845753     
   9.1799993515014648       0.69775188270736854     
   9.1999998092651367       0.71253325413612589     
   9.2200002670288086       0.72716897650923407     
   9.2399997711181641       0.74156057676601050     
   9.2600002288818359       0.75561252410285740     
   9.2799997329711914       0.76923132227026603     
   9.3000001907348633       0.78232779383293383     
   9.3199996948242188       0.79481657738090106     
   9.3400001525878906       0.80661622051496895     
   9.3599996566772461       0.81765001994737740     
   9.3800001144409180       0.82784812234972927     
   9.3999996185302734       0.83714495204734019     
   9.4200000762939453       0.84548025942337990     
   9.4399995803833008       0.85280460593820595     
   9.4600000381469727       0.85906965044254080     
   9.4799995422363281       0.86423918305865688     
   9.5000000000000000       0.86828507226891816     
   9.5199995040893555       0.87117937215365104     
   9.5399999618530273       0.87290997777275758     
   9.5599994659423828       0.87346993498507564     
   9.5799999237060547       0.87286049748517647     
   9.5999994277954102       0.87108628379269104     
   9.6199998855590820       0.86816640358077890     
   9.6399993896484375       0.86412348806921302     
   9.6599998474121094       0.85898888708833421     
   9.6799993515014648       0.85280328821268081     
   9.6999998092651367       0.84560521860867088     
   9.7199993133544922       0.83744906966896826     
   9.7399997711181641       0.82839722017730288     
   9.7600002288818359       0.81850472591336187     
   9.7799997329711914       0.80784710431614326     
   9.8000001907348633       0.79649347626620470     
   9.8199996948242188       0.78452541730190839     
   9.8400001525878906       0.77202123196733563     
   9.8599996566772461       0.75906594164609609     
   9.8800001144409180       0.74574784783916548     
   9.8999996185302734       0.73215824599913371     
   9.9200000762939453       0.71838209904366290     
   9.9399995803833008       0.70452029157341434     
   9.9600000381469727       0.69065608843916748     
   9.9799995422363281       0.67688787989435806     
   10.000000000000000       0.66330158151686192     
   10.019999504089355       0.64998664879759993     
   10.039999961853027       0.63703251472396849     
   10.059999465942383       0.62452180758977782     
   10.079999923706055       0.61253558441611555     
   10.099999427795410       0.60115160064479933     
   10.119999885559082       0.59043945083378135     
   10.139999389648438       0.58047018748155399     
   10.159999847412109       0.57130609175549218     
   10.179999351501465       0.56300258608046361     
   10.199999809265137       0.55561240107598575     
   10.219999313354492       0.54917813390696624     
   10.239999771118164       0.54374191905221625     
   10.260000228881836       0.53933075556979670     
   10.279999732971191       0.53597310845096846     
   10.300000190734863       0.53368470305393800     
   10.319999694824219       0.53247709199193805     
   10.340000152587891       0.53235130452168222     
   10.359999656677246       0.53330369179220427     
   10.380000114440918       0.53532231820938359     
   10.399999618530273       0.53839255794066010     
   10.420000076293945       0.54248414053731420     
   10.439999580383301       0.54756635071007409     
   10.460000038146973       0.55360449814580981     
   10.479999542236328       0.56054891773653426     
   10.500000000000000       0.56835136888548732     
   10.519999504089355       0.57695642153544213     
   10.539999961853027       0.58630247116096657     
   10.559999465942383       0.59632183361410152     
   10.579999923706055       0.60694764642558663     
   10.599999427795410       0.61810241502408247     
   10.619999885559082       0.62971298964643707     
   10.639999389648438       0.64169764853134992     
   10.659999847412109       0.65397342048918083     
   10.679999351501465       0.66645823878705002     
   10.699999809265137       0.67906716824048596     
   10.719999313354492       0.69171468045291296     
   10.739999771118164       0.70431595232386479     
   10.760000228881836       0.71678781783644074     
   10.779999732971191       0.72904317396012042     
   10.800000190734863       0.74100342998582913     
   10.819999694824219       0.75259025170702598     
   10.840000152587891       0.76372405895744244     
   10.859999656677246       0.77433448778690228     
   10.880000114440918       0.78435145597636236     
   10.899999618530273       0.79371133835786645     
   10.920000076293945       0.80235065047573173     
   10.939999580383301       0.81021386500118098     
   10.960000038146973       0.81725435926888967     
   10.979999542236328       0.82342660350554309     
   11.000000000000000       0.82868919195607305     
   11.019999504089355       0.83301237054471544     
   11.039999961853027       0.83636885563312158     
   11.059999465942383       0.83874177893219171     
   11.079999923706055       0.84011798390706272     
   11.099999427795410       0.84048939546620949     
   11.119999885559082       0.83985520092714161     
   11.139999389648438       0.83822919427815634     
   11.159999847412109       0.83562067046882527     
   11.179999351501465       0.83204947779132254     
   11.199999809265137       0.82754735869859353     
   11.219999313354492       0.82214094630647871     
   11.239999771118164       0.81587375063208611     
   11.259999275207520       0.80878719527814780     
   11.279999732971191       0.80093401715439971     
   11.300000190734863       0.79236546989669510     
   11.319999694824219       0.78314388737964580     
   11.340000152587891       0.77333044541823903     
   11.359999656677246       0.76299495302788045     
   11.380000114440918       0.75220504870419957     
   11.399999618530273       0.74103351884483237     
   11.420000076293945       0.72956079729388801     
   11.439999580383301       0.71785896270759275     
   11.460000038146973       0.70600565643270496     
   11.479999542236328       0.69408454166602129     
   11.500000000000000       0.68216990830842406     
   11.519999504089355       0.67034533031722010     
   11.539999961853027       0.65868737189911186     
   11.559999465942383       0.64727220040133804     
   11.579999923706055       0.63617482961757110     
   11.599999427795410       0.62546727611087216     
   11.619999885559082       0.61521897118489943     
   11.639999389648438       0.60549851575973324     
   11.659999847412109       0.59636447420718053     
   11.679999351501465       0.58787994637319541     
   11.699999809265137       0.58009405173524253     
   11.719999313354492       0.57306002327059014     
   11.739999771118164       0.56682025077963927     
   11.759999275207520       0.56141202684846792     
   11.779999732971191       0.55686749117018775     
   11.800000190734863       0.55321599973659807     
   11.819999694824219       0.55047837072920136     
   11.840000152587891       0.54866654255754965     
   11.859999656677246       0.54779029387270262     
   11.880000114440918       0.54785213822214407     
   11.899999618530273       0.54884952187027092     
   11.920000076293945       0.55076952831960158     
   11.939999580383301       0.55359675855149537     
   11.960000038146973       0.55730850833997470     
   11.979999542236328       0.56187607548690066     
   12.000000000000000       0.56726735830307007     
   12.019999504089355       0.57344140896802820     
   12.039999961853027       0.58035492400235755     
   12.059999465942383       0.58795924665903632     
   12.079999923706055       0.59619891781230017     
   12.099999427795410       0.60501709814486959     
   12.119999885559082       0.61435453173908694     
   12.139999389648438       0.62414394751136515     
   12.159999847412109       0.63431801081411410     
   12.179999351501465       0.64481158785797610     
   12.199999809265137       0.65554664908985305     
   12.219999313354492       0.66645615396874347     
   12.239999771118164       0.67746127485193297     
   12.259999275207520       0.68849347987998788     
   12.279999732971191       0.69947154347964413     
   12.300000190734863       0.71032779665616586     
   12.319999694824219       0.72098846368413205     
   12.340000152587891       0.73138072035247370     
   12.359999656677246       0.74143833816204352     
   12.380000114440918       0.75109214545303049     
   12.399999618530273       0.76027838097193678     
   12.420000076293945       0.76894108412916162     
   12.439999580383301       0.77702170805134185     
   12.460000038146973       0.78446588937116779     
   12.479999542236328       0.79122554143571233     
   12.500000000000000       0.79726058174856007     
   12.519999504089355       0.80253094229786648     
   12.539999961853027       0.80700487545606026     
   12.559999465942383       0.81065245282055431     
   12.579999923706055       0.81345137574480231     
   12.599999427795410       0.81538714475960838     
   12.619999885559082       0.81644913602451885     
   12.639999389648438       0.81663234812311880     
   12.659999847412109       0.81594020307840842     
   12.679999351501465       0.81437327869390930     
   12.699999809265137       0.81195256086339340     
   12.719999313354492       0.80869142572285635     
   12.739999771118164       0.80461494258909727     
   12.759999275207520       0.79975566306639767     
   12.779999732971191       0.79414459259998427     
   12.799999237060547       0.78781942512756642     
   12.819999694824219       0.78083049985267783     
   12.840000152587891       0.77322272950712256     
   12.859999656677246       0.76504881076476183     
   12.880000114440918       0.75636480821371466     
   12.899999618530273       0.74723032745344176     
   12.920000076293945       0.73770573906426407     
   12.939999580383301       0.72785728858060295     
   12.960000038146973       0.71775399545963303     
   12.979999542236328       0.70745873389935710     
   13.000000000000000       0.69704291550442576     
   13.019999504089355       0.68657668876669498     
   13.039999961853027       0.67612958231457776     
   13.059999465942383       0.66577054136016922     
   13.079999923706055       0.65556731889542907     
   13.099999427795410       0.64558741517868901     
   13.119999885559082       0.63589928275842278     
   13.139999389648438       0.62656248202933895     
   13.159999847412109       0.61764211895698562     
   13.179999351501465       0.60918994100408796     
   13.199999809265137       0.60126797726608072     
   13.219999313354492       0.59392314935806467     
   13.239999771118164       0.58720288266349363     
   13.259999275207520       0.58114876260312598     
   13.279999732971191       0.57580115125224862     
   13.299999237060547       0.57119309020310338     
   13.319999694824219       0.56735110399317301     
   13.340000152587891       0.56429811979826516     
   13.359999656677246       0.56205437036927319     
   13.380000114440918       0.56062808617395876     
   13.399999618530273       0.56003071821564498     
   13.420000076293945       0.56026014600434948     
   13.439999580383301       0.56131261582125336     
   13.460000038146973       0.56317994319462705     
   13.479999542236328       0.56584449040864282     
   13.500000000000000       0.56928824249189347     
   13.519999504089355       0.57348028589803401     
   13.539999961853027       0.57839660412871496     
   13.559999465942383       0.58399936963841181     
   13.579999923706055       0.59024710235678224     
   13.599999427795410       0.59709947389578721     
   13.619999885559082       0.60450352678271591     
   13.639999389648438       0.61241253251668359     
   13.659999847412109       0.62077086814154869     
   13.679999351501465       0.62951900108812830     
   13.699999809265137       0.63859824180818214     
   13.719999313354492       0.64794681772046614     
   13.739999771118164       0.65750120735890938     
   13.759999275207520       0.66719720916555103     
   13.779999732971191       0.67696854842982734     
   13.799999237060547       0.68674784431802505     
   13.819999694824219       0.69647286657175922     
   13.840000152587891       0.70607511878949258     
   13.859999656677246       0.71549345528470687     
   13.880000114440918       0.72466556852922404     
   13.899999618530273       0.73352643292344477     
   13.920000076293945       0.74202080080888233     
   13.939999580383301       0.75009268114393635     
   13.960000038146973       0.75768719392777983     
   13.979999542236328       0.76475709617353638     
   14.000000000000000       0.77125414460897446     
   14.019999504089355       0.77713804351514837     
   14.039999961853027       0.78237043082700852     
   14.059999465942383       0.78691847991042896     
   14.079999923706055       0.79075260526101576     
   14.099999427795410       0.79384741325121211     
   14.119999885559082       0.79618819635870430     
   14.139999389648438       0.79775914409998328     
   14.159999847412109       0.79855129005660330     
   14.179999351501465       0.79856108824430028     
   14.199999809265137       0.79779229550401176     
   14.219999313354492       0.79624852333967189     
   14.239999771118164       0.79394609091307788     
   14.259999275207520       0.79089984773296829     
   14.279999732971191       0.78713245995233672     
   14.299999237060547       0.78267209237121915     
   14.319999694824219       0.77754927319956391     
   14.340000152587891       0.77179958166863039     
   14.359999656677246       0.76546264480421522     
   14.380000114440918       0.75858475466567954     
   14.399999618530273       0.75121085239988528     
   14.420000076293945       0.74339248356430165     
   14.439999580383301       0.73518062147858443     
   14.460000038146973       0.72663302189193857     
   14.479999542236328       0.71781020408516738     
   14.500000000000000       0.70876548968954012     
   14.519999504089355       0.69956361727691885     
   14.539999961853027       0.69026634138912113     
   14.559999465942383       0.68093543898019593     
   14.579999923706055       0.67163215061422465     
   14.599999427795410       0.66241951913374131     
   14.619999885559082       0.65335655152422800     
   14.639999389648438       0.64450688566533820     
   14.659999847412109       0.63592592846750962     
   14.679999351501465       0.62767224751239292     
   14.699999809265137       0.61979741222690632     
   14.719999313354492       0.61235421037271465     
   14.739999771118164       0.60539073541596689     
   14.759999275207520       0.59895160100144051     
   14.779999732971191       0.59307791372252572     
   14.799999237060547       0.58780766450622846     
   14.819999694824219       0.58317645596299794     
   14.839999198913574       0.57921069964847283     
   14.859999656677246       0.57593375176843564     
   14.880000114440918       0.57336817598140111     
   14.899999618530273       0.57152789624405254     
   14.920000076293945       0.57042347948286054     
   14.939999580383301       0.57005829994082624     
   14.960000038146973       0.57043319939417358     
   14.979999542236328       0.57154529152121114     
   15.000000000000000       0.57338341721333563     
   15.019999504089355       0.57593222858504622     
   15.039999961853027       0.57917398576191648     
   15.059999465942383       0.58308640726283745     
   15.079999923706055       0.58763891379932576     
   15.099999427795410       0.59279893503944547     
   15.119999885559082       0.59853056753231493     
   15.139999389648438       0.60479473384647764     
   15.159999847412109       0.61154803815775194     
   15.179999351501465       0.61874317563903058     
   15.199999809265137       0.62632858805553282     
   15.219999313354492       0.63425361489716170     
   15.239999771118164       0.64246859963715308     
   15.259999275207520       0.65091207255261951     
   15.279999732971191       0.65952793377704000     
   15.299999237060547       0.66825833833270920     
   15.319999694824219       0.67704614156789455     
   15.339999198913574       0.68582838503994770     
   15.359999656677246       0.69455129341402722     
   15.380000114440918       0.70315284206673068     
   15.399999618530273       0.71157516696294421     
   15.420000076293945       0.71976262252265077     
   15.439999580383301       0.72766491567670666     
   15.460000038146973       0.73522537277148892     
   15.479999542236328       0.74239397849431521     
   15.500000000000000       0.74912651622435078     
   15.519999504089355       0.75537729683583388     
   15.539999961853027       0.76110578684023322     
   15.559999465942383       0.76627593452161369     
   15.579999923706055       0.77085121619188501     
   15.599999427795410       0.77480810158789015     
   15.619999885559082       0.77811420199172954     
   15.639999389648438       0.78075439333355523     
   15.659999847412109       0.78270993483650431     
   15.679999351501465       0.78397053845172038     
   15.699999809265137       0.78452944853787865     
   15.719999313354492       0.78438559706455901     
   15.739999771118164       0.78353671400635416     
   15.759999275207520       0.78199514255024760     
   15.779999732971191       0.77977278793371574     
   15.799999237060547       0.77688366055498714     
   15.819999694824219       0.77334879846155502     
   15.839999198913574       0.76919624056203306     
   15.859999656677246       0.76445079629314949     
   15.880000114440918       0.75914620353113871     
   15.899999618530273       0.75332487655541380     
   15.920000076293945       0.74702004670642763     
   15.939999580383301       0.74027884674738931     
   15.960000038146973       0.73314298213934503     
   15.979999542236328       0.72566750261623947     
   16.000000000000000       0.71789848804473877     
   16.020000457763672       0.70988964280706490     
   16.039999008178711       0.70169562373907479     
   16.059999465942383       0.69336902678523860     
   16.079999923706055       0.68496879375727426     
   16.100000381469727       0.67654998263037447     
   16.119998931884766       0.66816876915654433     
   16.139999389648438       0.65987999894593519     
   16.159999847412109       0.65173863676241328     
   16.180000305175781       0.64380059079845298     
   16.199998855590820       0.63611794666251287     
   16.219999313354492       0.62874000808144914     
   16.239999771118164       0.62171492680978913     
   16.260000228881836       0.61508937139800035     
   16.279998779296875       0.60890913399323221     
   16.299999237060547       0.60320805964836299     
   16.319999694824219       0.59802879612244575     
   16.340000152587891       0.59340054097489325     
   16.359998703002930       0.58935560225486483     
   16.379999160766602       0.58591849211307423     
   16.399999618530273       0.58310781426080738     
   16.420000076293945       0.58094503419977928     
   16.440000534057617       0.57944172395426308     
   16.459999084472656       0.57860504629656362     
   16.479999542236328       0.57843823860723231     
   16.500000000000000       0.57894241693429649     
   16.520000457763672       0.58011251745578363     
   16.539999008178711       0.58193548649437898     
   16.559999465942383       0.58440106635270195     
   16.579999923706055       0.58748930865605986     
   16.600000381469727       0.59117844178741696     
   16.619998931884766       0.59544155593234305     
   16.639999389648438       0.60024954054542146     
   16.659999847412109       0.60556849339313290     
   16.680000305175781       0.61136163991177528     
   16.699998855590820       0.61758785451736908     
   16.719999313354492       0.62420464989554358     
   16.739999771118164       0.63116731688264793     
   16.760000228881836       0.63842887859156683     
   16.779998779296875       0.64593663220045650     
   16.799999237060547       0.65364496090826485     
   16.819999694824219       0.66149701973609520     
   16.840000152587891       0.66944104044127561     
   16.859998703002930       0.67742341180231236     
   16.879999160766602       0.68539318960876239     
   16.899999618530273       0.69329236830005370     
   16.920000076293945       0.70107234612576130     
   16.940000534057617       0.70867691704228708     
   16.959999084472656       0.71605950349488590     
   16.979999542236328       0.72316975500743241     
   17.000000000000000       0.72996014333330095     
   17.020000457763672       0.73638657787904527     
   17.039999008178711       0.74240467442245506     
   17.059999465942383       0.74797753609369055     
   17.079999923706055       0.75306696588788247     
   17.100000381469727       0.75764249567496411     
   17.119998931884766       0.76167322690898076     
   17.139999389648438       0.76513192823145360     
   17.159999847412109       0.76799789760731285     
   17.180000305175781       0.77025291288550224     
   17.199998855590820       0.77188333078327265     
   17.219999313354492       0.77287999966206966     
   17.239999771118164       0.77323783328519025     
   17.260000228881836       0.77295321954172191     
   17.279998779296875       0.77203301031563487     
   17.299999237060547       0.77048208702479792     
   17.319999694824219       0.76831446007514148     
   17.340000152587891       0.76554370177010533     
   17.359998703002930       0.76218989708015017     
   17.379999160766602       0.75827849142252868     
   17.399999618530273       0.75383722205552817     
   17.420000076293945       0.74889321753834492     
   17.440000534057617       0.74348259062441469     
   17.459999084472656       0.73764377682875415     
   17.479999542236328       0.73141649866644975     
   17.500000000000000       0.72484030097257346     
   17.520000457763672       0.71796248999664436     
   17.539999008178711       0.71083023524689049     
   17.559999465942383       0.70348845785121294     
   17.579999923706055       0.69598944078059877     
   17.600000381469727       0.68838264767181334     
   17.619998931884766       0.68072153743264296     
   17.639999389648438       0.67305275166442935     
   17.659999847412109       0.66542958860053014     
   17.680000305175781       0.65790255874679249     
   17.699998855590820       0.65052416417409198     
   17.719999313354492       0.64334122001781413     
   17.739999771118164       0.63639987027975420     
   17.760000228881836       0.62974842416784993     
   17.779998779296875       0.62343010731457760     
   17.799999237060547       0.61748420286336692     
   17.819999694824219       0.61195125527333372     
   17.840000152587891       0.60686747519929662     
   17.859998703002930       0.60226479385910259     
   17.879999160766602       0.59817393471878422     
   17.899999618530273       0.59462059704886894     
   17.920000076293945       0.59162655533063879     
   17.940000534057617       0.58920899537669924     
   17.959999084472656       0.58738739655142280     
   17.979999542236328       0.58616749775533450     
   18.000000000000000       0.58555807918310165     
   18.020000457763672       0.58556265482491243     
   18.039999008178711       0.58617939021292542     
   18.059999465942383       0.58740154009705758     
   18.079999923706055       0.58921873976712213     
   18.100000381469727       0.59162051662713999     
   18.119998931884766       0.59458644543435624     
   18.139999389648438       0.59809845448329346     
   18.159999847412109       0.60212574110404693     
   18.180000305175781       0.60664672157023669     
   18.199998855590820       0.61162632229763569     
   18.219999313354492       0.61702929293405728     
   18.239999771118164       0.62282346464148375     
   18.260000228881836       0.62896298881790891     
   18.279998779296875       0.63540897386324147     
   18.299999237060547       0.64211761972277503     
   18.319999694824219       0.64904405948537813     
   18.340000152587891       0.65613794824931648     
   18.359998703002930       0.66335310353866472     
   18.379999160766602       0.67064405499313995     
   18.399999618530273       0.67795572941771798     
   18.420000076293945       0.68524483595502872     
   18.440000534057617       0.69245891951139860     
   18.459999084472656       0.69954960796269650     
   18.479999542236328       0.70647133030015397     
   18.500000000000000       0.71317896811524406     
   18.520000457763672       0.71962540804525188     
   18.539999008178711       0.72576835196900302     
   18.559999465942383       0.73156808276524377     
   18.579999923706055       0.73698740114176942     
   18.600000381469727       0.74198967671902694     
   18.619998931884766       0.74654049121605648     
   18.639999389648438       0.75061394018477690     
   18.659999847412109       0.75417924023754157     
   18.680000305175781       0.75721705429910946     
   18.699998855590820       0.75970807165120469     
   18.719999313354492       0.76163338595062569     
   18.739999771118164       0.76298648590687079     
   18.760000228881836       0.76375475640511137     
   18.779998779296875       0.76393593612529442     
   18.799999237060547       0.76353053970180607     
   18.819999694824219       0.76253987854424132     
   18.840000152587891       0.76097619913880943     
   18.859998703002930       0.75884741565313729     
   18.879999160766602       0.75616987930258062     
   18.899999618530273       0.75296254908307836     
   18.920000076293945       0.74924813894946474     
   18.939998626708984       0.74505318440760848     
   18.959999084472656       0.74040483401904333     
   18.979999542236328       0.73533799762026819     
   19.000000000000000       0.72988376277498901     
   19.020000457763672       0.72408174950930537     
   19.039999008178711       0.71797127581587505     
   19.059999465942383       0.71159336799424078     
   19.079999923706055       0.70498931068652804     
   19.100000381469727       0.69820747395968452     
   19.119998931884766       0.69129254557194852     
   19.139999389648438       0.68428578798202744     
   19.159999847412109       0.67724262532312018     
   19.180000305175781       0.67020392778292093     
   19.199998855590820       0.66322030267472720     
   19.219999313354492       0.65633483320929509     
   19.239999771118164       0.64959745296638283     
   19.260000228881836       0.64304870841550921     
   19.279998779296875       0.63673385092962942     
   19.299999237060547       0.63069662488825506     
   19.319999694824219       0.62497048987557402     
   19.340000152587891       0.61960123056194727     
   19.359998703002930       0.61461842689980706     
   19.379999160766602       0.61005518383170676     
   19.399999618530273       0.60594138599283154     
   19.420000076293945       0.60230529544944589     
   19.439998626708984       0.59917157633103713     
   19.459999084472656       0.59655388104137719     
   19.479999542236328       0.59447182748609551     
   19.500000000000000       0.59294095588847995     
   19.520000457763672       0.59196604571398082     
   19.539999008178711       0.59155533486683587     
   19.559999465942383       0.59170725538084923     
   19.579999923706055       0.59242262347235530     
   19.600000381469727       0.59369345766861226     
   19.619998931884766       0.59551112616166435     
   19.639999389648438       0.59786128150389328     
   19.659999847412109       0.60072810031236845     
   19.680000305175781       0.60408986565012779     
   19.699998855590820       0.60792454711919153     
   19.719999313354492       0.61220433995696832     
   19.739999771118164       0.61689957249964389     
   19.760000228881836       0.62197988886631528     
   19.779998779296875       0.62740726367786104     
   19.799999237060547       0.63314362171009286     
   19.819999694824219       0.63915628683266190     
   19.840000152587891       0.64539813204731666     
   19.859998703002930       0.65182886189351130     
   19.879999160766602       0.65840606129074353     
   19.899999618530273       0.66508502442620021     
   19.920000076293945       0.67181835786256805     
   19.939998626708984       0.67856380137131322     
   19.959999084472656       0.68527394881250780     
   19.979999542236328       0.69190480734473203     
   20.000000000000000       0.69841188378632069     
